wavelength_nm,frequency_Hz,out_port,in_port,abs_S,phase_rad,real_S,imag_S
1543.5000,1.942290e+14,B,A,0.99372515,0.07638847,0.99082727,0.07583534
1543.5500,1.942227e+14,B,A,0.99383490,0.07494953,0.99104481,0.07441774
1543.6000,1.942164e+14,B,A,0.99394072,0.07353554,0.99125457,0.07302412
1543.6500,1.942101e+14,B,A,0.99404277,0.07214561,0.99145690,0.07165363
1543.7000,1.942038e+14,B,A,0.99414123,0.07077889,0.99165212,0.07030548
1543.7500,1.941975e+14,B,A,0.99423624,0.06943457,0.99184052,0.06897891
1543.8000,1.941913e+14,B,A,0.99432795,0.06811186,0.99202238,0.06767317
1543.8500,1.941850e+14,B,A,0.99441649,0.06681003,0.99219798,0.06638758
1543.9000,1.941787e+14,B,A,0.99450199,0.06552834,0.99236757,0.06512144
1543.9500,1.941724e+14,B,A,0.99458458,0.06426613,0.99253140,0.06387411
1544.0000,1.941661e+14,B,A,0.99466436,0.06302272,0.99268968,0.06264496
1544.0500,1.941598e+14,B,A,0.99474146,0.06179748,0.99284264,0.06143340
1544.1000,1.941535e+14,B,A,0.99481598,0.06058981,0.99299049,0.06023884
1544.1500,1.941472e+14,B,A,0.99488801,0.05939912,0.99313341,0.05906073
1544.2000,1.941410e+14,B,A,0.99495764,0.05822484,0.99327160,0.05789853
1544.2500,1.941347e+14,B,A,0.99502498,0.05706644,0.99340523,0.05675172
1544.3000,1.941284e+14,B,A,0.99509010,0.05592339,0.99353447,0.05561981
1544.3500,1.941221e+14,B,A,0.99515308,0.05479518,0.99365947,0.05450231
1544.4000,1.941158e+14,B,A,0.99521400,0.05368134,0.99378039,0.05339876
1544.4500,1.941095e+14,B,A,0.99527293,0.05258139,0.99389738,0.05230872
1544.5000,1.941032e+14,B,A,0.99532995,0.05149489,0.99401057,0.05123176
1544.5500,1.940970e+14,B,A,0.99538512,0.05042139,0.99412009,0.05016744
1544.6000,1.940907e+14,B,A,0.99543850,0.04936049,0.99422607,0.04911538
1544.6500,1.940844e+14,B,A,0.99549015,0.04831176,0.99432862,0.04807518
1544.7000,1.940781e+14,B,A,0.99554013,0.04727483,0.99442786,0.04704646
1544.7500,1.940718e+14,B,A,0.99558849,0.04624930,0.99452390,0.04602886
1544.8000,1.940655e+14,B,A,0.99563530,0.04523482,0.99461684,0.04502202
1544.8500,1.940593e+14,B,A,0.99568058,0.04423102,0.99470678,0.04402561
1544.9000,1.940530e+14,B,A,0.99572440,0.04323756,0.99479380,0.04303928
1544.9500,1.940467e+14,B,A,0.99576680,0.04225411,0.99487801,0.04206272
1545.0000,1.940404e+14,B,A,0.99580783,0.04128034,0.99495949,0.04109561
1545.0500,1.940341e+14,B,A,0.99584751,0.04031594,0.99503831,0.04013765
1545.1000,1.940279e+14,B,A,0.99588590,0.03936061,0.99511456,0.03918855
1545.1500,1.940216e+14,B,A,0.99592303,0.03841405,0.99518831,0.03824802
1545.2000,1.940153e+14,B,A,0.99595893,0.03747596,0.99525963,0.03731579
1545.2500,1.940090e+14,B,A,0.99599364,0.03654609,0.99532859,0.03639157
1545.3000,1.940028e+14,B,A,0.99602720,0.03562414,0.99539525,0.03547511
1545.3500,1.939965e+14,B,A,0.99605963,0.03470986,0.99545968,0.03456615
1545.4000,1.939902e+14,B,A,0.99609097,0.03380299,0.99552194,0.03366445
1545.4500,1.939839e+14,B,A,0.99612124,0.03290329,0.99558207,0.03276975
1545.5000,1.939776e+14,B,A,0.99615047,0.03201050,0.99564015,0.03188183
1545.5500,1.939714e+14,B,A,0.99617869,0.03112439,0.99569621,0.03100045
1545.6000,1.939651e+14,B,A,0.99620591,0.03024473,0.99575031,0.03012539
1545.6500,1.939588e+14,B,A,0.99623218,0.02937130,0.99580250,0.02925642
1545.7000,1.939526e+14,B,A,0.99625750,0.02850386,0.99585281,0.02839334
1545.7500,1.939463e+14,B,A,0.99628190,0.02764222,0.99590130,0.02753593
1545.8000,1.939400e+14,B,A,0.99630540,0.02678615,0.99594800,0.02668399
1545.8500,1.939337e+14,B,A,0.99632802,0.02593545,0.99599295,0.02583732
1545.9000,1.939275e+14,B,A,0.99634978,0.02508992,0.99603620,0.02499572
1545.9500,1.939212e+14,B,A,0.99637070,0.02424937,0.99607777,0.02415899
1546.0000,1.939149e+14,B,A,0.99639080,0.02341359,0.99611770,0.02332696
1546.0500,1.939086e+14,B,A,0.99641008,0.02258241,0.99615602,0.02249943
1546.1000,1.939024e+14,B,A,0.99642857,0.02175564,0.99619277,0.02167623
1546.1500,1.938961e+14,B,A,0.99644628,0.02093309,0.99622797,0.02085717
1546.2000,1.938898e+14,B,A,0.99646323,0.02011458,0.99626165,0.02004209
1546.2500,1.938836e+14,B,A,0.99647942,0.01929995,0.99629384,0.01923081
1546.3000,1.938773e+14,B,A,0.99649488,0.01848902,0.99632456,0.01842316
1546.3500,1.938710e+14,B,A,0.99650961,0.01768161,0.99635384,0.01761898
1546.4000,1.938648e+14,B,A,0.99652363,0.01687758,0.99638170,0.01681810
1546.4500,1.938585e+14,B,A,0.99653694,0.01607674,0.99640816,0.01602037
1546.5000,1.938522e+14,B,A,0.99654956,0.01527894,0.99643324,0.01522563
1546.5500,1.938460e+14,B,A,0.99656150,0.01448402,0.99645696,0.01443371
1546.6000,1.938397e+14,B,A,0.99657275,0.01369182,0.99647934,0.01364447
1546.6500,1.938334e+14,B,A,0.99658335,0.01290219,0.99650040,0.01285775
1546.7000,1.938272e+14,B,A,0.99659328,0.01211497,0.99652015,0.01207341
1546.7500,1.938209e+14,B,A,0.99660256,0.01133002,0.99653860,0.01129129
1546.8000,1.938146e+14,B,A,0.99661120,0.01054719,0.99655577,0.01051125
1546.8500,1.938084e+14,B,A,0.99661921,0.00976632,0.99657168,0.00973314
1546.9000,1.938021e+14,B,A,0.99662658,0.00898727,0.99658633,0.00895683
1546.9500,1.937958e+14,B,A,0.99663332,0.00820989,0.99659973,0.00818216
1547.0000,1.937896e+14,B,A,0.99663944,0.00743405,0.99661190,0.00740900
1547.0500,1.937833e+14,B,A,0.99664495,0.00665960,0.99662285,0.00663720
1547.1000,1.937770e+14,B,A,0.99664984,0.00588639,0.99663257,0.00586663
1547.1500,1.937708e+14,B,A,0.99665413,0.00511429,0.99664109,0.00509715
1547.2000,1.937645e+14,B,A,0.99665780,0.00434315,0.99664840,0.00432862
1547.2500,1.937583e+14,B,A,0.99666088,0.00357285,0.99665452,0.00356091
1547.3000,1.937520e+14,B,A,0.99666336,0.00280323,0.99665944,0.00279387
1547.3500,1.937457e+14,B,A,0.99666523,0.00203416,0.99666317,0.00202738
1547.4000,1.937395e+14,B,A,0.99666651,0.00126551,0.99666571,0.00126129
1547.4500,1.937332e+14,B,A,0.99666720,0.00049713,0.99666707,0.00049547
1547.5000,1.937270e+14,B,A,0.99666728,-0.00027111,0.99666725,-0.00027021
1547.5500,1.937207e+14,B,A,0.99666677,-0.00103935,0.99666624,-0.00103589
1547.6000,1.937144e+14,B,A,0.99666567,-0.00180773,0.99666404,-0.00180170
1547.6500,1.937082e+14,B,A,0.99666397,-0.00257638,0.99666066,-0.00256778
1547.7000,1.937019e+14,B,A,0.99666167,-0.00334543,0.99665610,-0.00333426
1547.7500,1.936957e+14,B,A,0.99665878,-0.00411504,0.99665034,-0.00410128
1547.8000,1.936894e+14,B,A,0.99665528,-0.00488533,0.99664339,-0.00486897
1547.8500,1.936831e+14,B,A,0.99665118,-0.00565645,0.99663524,-0.00563748
1547.9000,1.936769e+14,B,A,0.99664647,-0.00642853,0.99662588,-0.00640692
1547.9500,1.936706e+14,B,A,0.99664116,-0.00720171,0.99661531,-0.00717746
1548.0000,1.936644e+14,B,A,0.99663523,-0.00797613,0.99660353,-0.00794921
1548.0500,1.936581e+14,B,A,0.99662868,-0.00875194,0.99659051,-0.00872232
1548.1000,1.936519e+14,B,A,0.99662151,-0.00952927,0.99657626,-0.00949694
1548.1500,1.936456e+14,B,A,0.99661372,-0.01030828,0.99656077,-0.01027319
1548.2000,1.936394e+14,B,A,0.99660529,-0.01108910,0.99654401,-0.01105123
1548.2500,1.936331e+14,B,A,0.99659622,-0.01187188,0.99652599,-0.01183119
1548.3000,1.936269e+14,B,A,0.99658651,-0.01265677,0.99650669,-0.01261322
1548.3500,1.936206e+14,B,A,0.99657615,-0.01344391,0.99648609,-0.01339748
1548.4000,1.936143e+14,B,A,0.99656512,-0.01423346,0.99646418,-0.01418409
1548.4500,1.936081e+14,B,A,0.99655343,-0.01502557,0.99644094,-0.01497322
1548.5000,1.936018e+14,B,A,0.99654107,-0.01582039,0.99641636,-0.01576501
1548.5500,1.935956e+14,B,A,0.99652801,-0.01661808,0.99639042,-0.01655962
1548.6000,1.935893e+14,B,A,0.99651427,-0.01741880,0.99636309,-0.01735720
1548.6500,1.935831e+14,B,A,0.99649981,-0.01822270,0.99633437,-0.01815792
1548.7000,1.935768e+14,B,A,0.99648464,-0.01902996,0.99630422,-0.01896192
1548.7500,1.935706e+14,B,A,0.99646875,-0.01984073,0.99627262,-0.01976937
1548.8000,1.935643e+14,B,A,0.99645211,-0.02065519,0.99623956,-0.02058044
1548.8500,1.935581e+14,B,A,0.99643472,-0.02147350,0.99620500,-0.02139529
1548.9000,1.935518e+14,B,A,0.99641657,-0.02229583,0.99616892,-0.02221410
1548.9500,1.935456e+14,B,A,0.99639763,-0.02312238,0.99613128,-0.02303703
1549.0000,1.935394e+14,B,A,0.99637790,-0.02395330,0.99609207,-0.02386426
1549.0500,1.935331e+14,B,A,0.99635736,-0.02478880,0.99605125,-0.02469598
1549.1000,1.935269e+14,B,A,0.99633599,-0.02562906,0.99600879,-0.02553236
1549.1500,1.935206e+14,B,A,0.99631378,-0.02647426,0.99596465,-0.02637359
1549.2000,1.935144e+14,B,A,0.99629071,-0.02732460,0.99591880,-0.02721986
1549.2500,1.935081e+14,B,A,0.99626675,-0.02818029,0.99587119,-0.02807137
1549.3000,1.935019e+14,B,A,0.99624189,-0.02904152,0.99582180,-0.02892831
1549.3500,1.934956e+14,B,A,0.99621611,-0.02990850,0.99577058,-0.02979089
1549.4000,1.934894e+14,B,A,0.99618939,-0.03078145,0.99571749,-0.03065932
1549.4500,1.934831e+14,B,A,0.99616171,-0.03166059,0.99566248,-0.03153380
1549.5000,1.934769e+14,B,A,0.99613303,-0.03254613,0.99560550,-0.03241456
1549.5500,1.934707e+14,B,A,0.99610334,-0.03343831,0.99554651,-0.03330181
1549.6000,1.934644e+14,B,A,0.99607261,-0.03433737,0.99548545,-0.03419579
1549.6500,1.934582e+14,B,A,0.99604081,-0.03524353,0.99542227,-0.03509673
1549.7000,1.934519e+14,B,A,0.99600791,-0.03615705,0.99535692,-0.03600487
1549.7500,1.934457e+14,B,A,0.99597389,-0.03707819,0.99528934,-0.03692045
1549.8000,1.934394e+14,B,A,0.99593871,-0.03800720,0.99521945,-0.03784373
1549.8500,1.934332e+14,B,A,0.99590234,-0.03894435,0.99514721,-0.03877497
1549.9000,1.934270e+14,B,A,0.99586474,-0.03988992,0.99507254,-0.03971443
1549.9500,1.934207e+14,B,A,0.99582589,-0.04084418,0.99499536,-0.04066238
1550.0000,1.934145e+14,B,A,0.99578574,-0.04180744,0.99491562,-0.04161912
1550.0500,1.934083e+14,B,A,0.99574425,-0.04277998,0.99483322,-0.04258493
1550.1000,1.934020e+14,B,A,0.99570139,-0.04376213,0.99474810,-0.04356011
1550.1500,1.933958e+14,B,A,0.99565711,-0.04475420,0.99466015,-0.04454496
1550.2000,1.933895e+14,B,A,0.99561136,-0.04575651,0.99456930,-0.04553981
1550.2500,1.933833e+14,B,A,0.99556410,-0.04676941,0.99447546,-0.04654497
1550.3000,1.933771e+14,B,A,0.99551528,-0.04779325,0.99437852,-0.04756080
1550.3500,1.933708e+14,B,A,0.99546484,-0.04882838,0.99427838,-0.04858762
1550.4000,1.933646e+14,B,A,0.99541274,-0.04987519,0.99417494,-0.04962582
1550.4500,1.933584e+14,B,A,0.99535892,-0.05093405,0.99406808,-0.05067574
1550.5000,1.933521e+14,B,A,0.99530331,-0.05200537,0.99395768,-0.05173779
1550.5500,1.933459e+14,B,A,0.99524586,-0.05308956,0.99384364,-0.05281235
1550.6000,1.933396e+14,B,A,0.99518649,-0.05418704,0.99372580,-0.05389983
1550.6500,1.933334e+14,B,A,0.99512515,-0.05529827,0.99360404,-0.05500065
1550.7000,1.933272e+14,B,A,0.99506176,-0.05642369,0.99347822,-0.05611527
1550.7500,1.933209e+14,B,A,0.99499623,-0.05756378,0.99334818,-0.05724412
1550.8000,1.933147e+14,B,A,0.99492850,-0.05871904,0.99321378,-0.05838768
1550.8500,1.933085e+14,B,A,0.99485848,-0.05988998,0.99307483,-0.05954644
1550.9000,1.933022e+14,B,A,0.99478609,-0.06107712,0.99293118,-0.06072090
1550.9500,1.932960e+14,B,A,0.99471122,-0.06228102,0.99278263,-0.06191159
1551.0000,1.932898e+14,B,A,0.99463378,-0.06350225,0.99262900,-0.06311905
1551.0500,1.932836e+14,B,A,0.99455367,-0.06474141,0.99247008,-0.06434384
1551.1000,1.932773e+14,B,A,0.99447077,-0.06599912,0.99230566,-0.06558656
1551.1500,1.932711e+14,B,A,0.99438499,-0.06727601,0.99213551,-0.06684781
1551.2000,1.932649e+14,B,A,0.99429619,-0.06857277,0.99195940,-0.06812822
1551.2500,1.932586e+14,B,A,0.99420425,-0.06989008,0.99177708,-0.06942846
1551.3000,1.932524e+14,B,A,0.99410904,-0.07122868,0.99158828,-0.07074922
1551.3500,1.932462e+14,B,A,0.99401040,-0.07258933,0.99139273,-0.07209120
1551.4000,1.932399e+14,B,A,0.99390821,-0.07397282,0.99119013,-0.07345516
1551.4500,1.932337e+14,B,A,0.99380229,-0.07537997,0.99098016,-0.07484186
1551.5000,1.932275e+14,B,A,0.99369248,-0.07681164,0.99076251,-0.07625212
1551.5500,1.932213e+14,B,A,0.99357860,-0.07826875,0.99053682,-0.07768678
1551.6000,1.932150e+14,B,A,0.99346046,-0.07975223,0.99030272,-0.07914672
1551.6500,1.932088e+14,B,A,0.99333787,-0.08126307,0.99005983,-0.08063287
1551.7000,1.932026e+14,B,A,0.99321062,-0.08280230,0.98980773,-0.08214618
1551.7500,1.931964e+14,B,A,0.99307848,-0.08437100,0.98954598,-0.08368766
1551.8000,1.931901e+14,B,A,0.99294121,-0.08597032,0.98927411,-0.08525836
1551.8500,1.931839e+14,B,A,0.99279857,-0.08760142,0.98899163,-0.08685937
1551.9000,1.931777e+14,B,A,0.99265028,-0.08926557,0.98869802,-0.08849186
1551.9500,1.931715e+14,B,A,0.99249606,-0.09096407,0.98839271,-0.09015703
1552.0000,1.931652e+14,B,A,0.99233561,-0.09269830,0.98807510,-0.09185614
1552.0500,1.931590e+14,B,A,0.99216859,-0.09446970,0.98774457,-0.09359052
1552.1000,1.931528e+14,B,A,0.99199467,-0.09627980,0.98740043,-0.09536156
1552.1500,1.931466e+14,B,A,0.99181348,-0.09813019,0.98704196,-0.09717072
1552.2000,1.931404e+14,B,A,0.99162462,-0.10002257,0.98666839,-0.09901954
1552.2500,1.931341e+14,B,A,0.99142767,-0.10195870,0.98627890,-0.10090963
1552.3000,1.931279e+14,B,A,0.99122219,-0.10394047,0.98587261,-0.10284269
1552.3500,1.931217e+14,B,A,0.99100768,-0.10596986,0.98544856,-0.10482051
1552.4000,1.931155e+14,B,A,0.99078363,-0.10804896,0.98500576,-0.10684496
1552.4500,1.931093e+14,B,A,0.99054948,-0.11017999,0.98454311,-0.10891804
1552.5000,1.931030e+14,B,A,0.99030464,-0.11236527,0.98405945,-0.11104184
1552.5500,1.930968e+14,B,A,0.99004847,-0.11460730,0.98355352,-0.11321855
1552.6000,1.930906e+14,B,A,0.98978027,-0.11690871,0.98302399,-0.11545052
1552.6500,1.930844e+14,B,A,0.98949930,-0.11927227,0.98246940,-0.11774020
1552.7000,1.930782e+14,B,A,0.98920476,-0.12170096,0.98188818,-0.12009021
1552.7500,1.930719e+14,B,A,0.98889578,-0.12419791,0.98127866,-0.12250328
1552.8000,1.930657e+14,B,A,0.98857143,-0.12676648,0.98063902,-0.12498236
1552.8500,1.930595e+14,B,A,0.98823068,-0.12941024,0.97996727,-0.12753051
1552.9000,1.930533e+14,B,A,0.98787244,-0.13213298,0.97926129,-0.13015103
1552.9500,1.930471e+14,B,A,0.98749552,-0.13493875,0.97851876,-0.13284740
1553.0000,1.930409e+14,B,A,0.98709861,-0.13783189,0.97773718,-0.13562330
1553.0500,1.930346e+14,B,A,0.98668032,-0.14081703,0.97691381,-0.13848266
1553.1000,1.930284e+14,B,A,0.98623909,-0.14389912,0.97604569,-0.14142966
1553.1500,1.930222e+14,B,A,0.98577326,-0.14708348,0.97512958,-0.14446875
1553.2000,1.930160e+14,B,A,0.98528099,-0.15037580,0.97416194,-0.14760465
1553.2500,1.930098e+14,B,A,0.98476028,-0.15378221,0.97313892,-0.15084242
1553.3000,1.930036e+14,B,A,0.98420892,-0.15730928,0.97205629,-0.15418743
1553.3500,1.929974e+14,B,A,0.98362451,-0.16096412,0.97090941,-0.15764544
1553.4000,1.929912e+14,B,A,0.98300439,-0.16475437,0.96969320,-0.16122258
1553.4500,1.929849e+14,B,A,0.98234563,-0.16868829,0.96840206,-0.16492542
1553.5000,1.929787e+14,B,A,0.98164501,-0.17277480,0.96702982,-0.16876097
1553.5500,1.929725e+14,B,A,0.98089897,-0.17702359,0.96556967,-0.17273676
1553.6000,1.929663e+14,B,A,0.98010354,-0.18144514,0.96401410,-0.17686084
1553.6500,1.929601e+14,B,A,0.97925433,-0.18605086,0.96235476,-0.18114184
1553.7000,1.929539e+14,B,A,0.97834647,-0.19085314,0.96058240,-0.18558902
1553.7500,1.929477e+14,B,A,0.97737452,-0.19586552,0.95868672,-0.19021231
1553.8000,1.929415e+14,B,A,0.97633237,-0.20110276,0.95665625,-0.19502238
1553.8500,1.929353e+14,B,A,0.97521323,-0.20658101,0.95447817,-0.20003068
1553.9000,1.929291e+14,B,A,0.97400945,-0.21231798,0.95213815,-0.20524950
1553.9500,1.929228e+14,B,A,0.97271241,-0.21833311,0.94962008,-0.21069204
1554.0000,1.929166e+14,B,A,0.97131240,-0.22464780,0.94690586,-0.21637249
1554.0500,1.929104e+14,B,A,0.96979841,-0.23128566,0.94397510,-0.22230605
1554.1000,1.929042e+14,B,A,0.96815798,-0.23827274,0.94080471,-0.22850902
1554.1500,1.928980e+14,B,A,0.96637690,-0.24563795,0.93736857,-0.23499887
1554.2000,1.928918e+14,B,A,0.96443895,-0.25341336,0.93363699,-0.24179425
1554.2500,1.928856e+14,B,A,0.96232557,-0.26163465,0.92957614,-0.24891505
1554.3000,1.928794e+14,B,A,0.96001540,-0.27034167,0.92514736,-0.25638239
1554.3500,1.928732e+14,B,A,0.95748385,-0.27957896,0.92030639,-0.26421861
1554.4000,1.928670e+14,B,A,0.95470242,-0.28939651,0.91500233,-0.27244714
1554.4500,1.928608e+14,B,A,0.95163804,-0.29985055,0.90917656,-0.28109240
1554.5000,1.928546e+14,B,A,0.94825213,-0.31100450,0.90276131,-0.29017947
1554.5500,1.928484e+14,B,A,0.94449953,-0.32293010,0.89567801,-0.29973368
1554.6000,1.928422e+14,B,A,0.94032716,-0.33570878,0.88783532,-0.30977994
1554.6500,1.928360e+14,B,A,0.93567234,-0.34943321,0.87912677,-0.32034176
1554.7000,1.928298e+14,B,A,0.93046076,-0.36420919,0.86942788,-0.33143986
1554.7500,1.928236e+14,B,A,0.92460394,-0.38015788,0.85859283,-0.34309008
1554.8000,1.928174e+14,B,A,0.91799602,-0.39741841,0.84645039,-0.35530049
1554.8500,1.928112e+14,B,A,0.91050982,-0.41615106,0.83279928,-0.36806724
1554.9000,1.928050e+14,B,A,0.90199188,-0.43654090,0.81740273,-0.38136875
1554.9500,1.927988e+14,B,A,0.89225620,-0.45880216,0.79998231,-0.39515748
1555.0000,1.927926e+14,B,A,0.88107659,-0.48318321,0.78021137,-0.40934847
1555.0500,1.927864e+14,B,A,0.86817696,-0.50997235,0.75770839,-0.42380329
1555.1000,1.927802e+14,B,A,0.85321960,-0.53950414,0.73203129,-0.43830797
1555.1500,1.927740e+14,B,A,0.83579086,-0.57216616,0.70267451,-0.45254271
1555.2000,1.927678e+14,B,A,0.81538445,-0.60840565,0.66907213,-0.46604107
1555.2500,1.927616e+14,B,A,0.79138272,-0.64873470,0.63061245,-0.47813653
1555.3000,1.927554e+14,B,A,0.76303765,-0.69373234,0.58667284,-0.48789489
1555.3500,1.927492e+14,B,A,0.72945514,-0.74403968,0.53668832,-0.49403486
1555.4000,1.927430e+14,B,A,0.68958968,-0.80034264,0.48027223,-0.49484595
1555.4500,1.927368e+14,B,A,0.64226179,-0.86333316,0.41741097,-0.48812733
1555.5000,1.927306e+14,B,A,0.58621744,-0.93363542,0.34875002,-0.47119456
1555.5500,1.927244e+14,B,A,0.52025486,-1.01167690,0.27596395,-0.44103177
1555.6000,1.927182e+14,B,A,0.44344361,-1.09746982,0.20214358,-0.39469001
1555.6500,1.927120e+14,B,A,0.35544146,-1.19021514,0.13203233,-0.33000923
1555.7000,1.927058e+14,B,A,0.25686577,-1.28734102,0.07183887,-0.24661549
1555.7500,1.926996e+14,B,A,0.14960607,-1.38007705,0.02836010,-0.14689343
1555.8000,1.926934e+14,B,A,0.03712836,-1.36975633,0.00741411,-0.03638057
1555.8500,1.926873e+14,B,A,0.07787475,1.41495231,0.01208725,0.07693098
1555.9000,1.926811e+14,B,A,0.18901625,1.34851986,0.04166875,0.18436609
1555.9500,1.926749e+14,B,A,0.29342946,1.25222654,0.09190464,0.27866537
1556.0000,1.926687e+14,B,A,0.38831376,1.15621788,0.15641438,0.35541823
1556.0500,1.926625e+14,B,A,0.47226860,1.06584544,0.22846677,0.41332865
1556.1000,1.926563e+14,B,A,0.54506768,0.98284636,0.30232528,0.45353964
1556.1500,1.926501e+14,B,A,0.60730849,0.90766018,0.37385386,0.47859888
1556.2000,1.926439e+14,B,A,0.66005144,0.84009058,0.44051528,0.49154266
1556.2500,1.926377e+14,B,A,0.70453688,0.77961909,0.50105351,0.49529547
1556.3000,1.926315e+14,B,A,0.74200187,0.72558548,0.55509979,0.49237282
1556.3500,1.926253e+14,B,A,0.77358102,0.67729377,0.60282966,0.48479273
1556.4000,1.926192e+14,B,A,0.80026504,0.63407132,0.64471129,0.47410070
1556.4500,1.926130e+14,B,A,0.82289339,0.59529852,0.68134021,0.46144236
1556.5000,1.926068e+14,B,A,0.84216450,0.56042068,0.71333992,0.44764628
1556.5500,1.926006e+14,B,A,0.85865323,0.52894984,0.74130752,0.43329958
1556.6000,1.925944e+14,B,A,0.87283010,0.50046126,0.76578737,0.41881031
1556.6500,1.925882e+14,B,A,0.88507935,0.47458750,0.78726153,0.40445610
1556.7000,1.925820e+14,B,A,0.89571478,0.45101164,0.80614922,0.39042079
1556.7500,1.925759e+14,B,A,0.90499312,0.42946068,0.82281110,0.37682150
1556.8000,1.925697e+14,B,A,0.91312499,0.40969932,0.83755535,0.36372832
1556.8500,1.925635e+14,B,A,0.92028377,0.39152452,0.85064441,0.35117846
1556.9000,1.925573e+14,B,A,0.92661277,0.37476072,0.86230143,0.33918648
1556.9500,1.925511e+14,B,A,0.93223092,0.35925577,0.87271612,0.32775152
1557.0000,1.925449e+14,B,A,0.93723739,0.34487741,0.88204995,0.31686244
1557.0500,1.925387e+14,B,A,0.94171521,0.33151038,0.89044055,0.30650150
1557.1000,1.925326e+14,B,A,0.94573423,0.31905391,0.89800548,0.29664690
1557.1500,1.925264e+14,B,A,0.94935344,0.30741963,0.90484543,0.28727459
1557.2000,1.925202e+14,B,A,0.95262290,0.29652981,0.91104686,0.27835950
1557.2500,1.925140e+14,B,A,0.95558526,0.28631590,0.91668419,0.26987641
1557.3000,1.925078e+14,B,A,0.95827700,0.27671721,0.92182173,0.26180053
1557.3500,1.925017e+14,B,A,0.96072947,0.26767990,0.92651515,0.25410783
1557.4000,1.924955e+14,B,A,0.96296967,0.25915606,0.93081284,0.24677531
1557.4500,1.924893e+14,B,A,0.96502099,0.25110293,0.93475693,0.23978113
1557.5000,1.924831e+14,B,A,0.96690371,0.24348225,0.93838425,0.23310465
1557.5500,1.924769e+14,B,A,0.96863552,0.23625971,0.94172707,0.22672647
1557.6000,1.924708e+14,B,A,0.97023189,0.22940444,0.94481375,0.22062841
1557.6500,1.924646e+14,B,A,0.97170637,0.22288861,0.94766926,0.21479346
1557.7000,1.924584e+14,B,A,0.97307088,0.21668711,0.95031568,0.20920575
1557.7500,1.924522e+14,B,A,0.97433595,0.21077715,0.95277255,0.20385049
1557.8000,1.924461e+14,B,A,0.97551088,0.20513809,0.95505722,0.19871386
1557.8500,1.924399e+14,B,A,0.97660393,0.19975113,0.95718513,0.19378304
1557.9000,1.924337e+14,B,A,0.97762243,0.19459916,0.95917006,0.18904605
1557.9500,1.924275e+14,B,A,0.97857293,0.18966654,0.96102433,0.18449175
1558.0000,1.924213e+14,B,A,0.97946127,0.18493899,0.96275898,0.18010977
1558.0500,1.924152e+14,B,A,0.98029269,0.18040340,0.96438391,0.17589042
1558.1000,1.924090e+14,B,A,0.98107191,0.17604774,0.96590805,0.17182471
1558.1500,1.924028e+14,B,A,0.98180313,0.17186095,0.96733942,0.16790422
1558.2000,1.923966e+14,B,A,0.98249019,0.16783286,0.96868531,0.16412111
1558.2500,1.923905e+14,B,A,0.98313651,0.16395407,0.96995227,0.16046805
1558.3000,1.923843e+14,B,A,0.98374523,0.16021590,0.97114627,0.15693820
1558.3500,1.923781e+14,B,A,0.98431917,0.15661033,0.97227272,0.15352516
1558.4000,1.923720e+14,B,A,0.98486088,0.15312990,0.97333654,0.15022295
1558.4500,1.923658e+14,B,A,0.98537272,0.14976774,0.97434222,0.14702596
1558.5000,1.923596e+14,B,A,0.98585681,0.14651742,0.97529386,0.14392894
1558.5500,1.923534e+14,B,A,0.98631508,0.14337297,0.97619519,0.14092696
1558.6000,1.923473e+14,B,A,0.98674933,0.14032886,0.97704964,0.13801540
1558.6500,1.923411e+14,B,A,0.98716117,0.13737990,0.97786035,0.13518992
1558.7000,1.923349e+14,B,A,0.98755210,0.13452125,0.97863021,0.13244644
1558.7500,1.923288e+14,B,A,0.98792349,0.13174840,0.97936187,0.12978113
1558.8000,1.923226e+14,B,A,0.98827660,0.12905713,0.98005777,0.12719038
1558.8500,1.923164e+14,B,A,0.98861258,0.12644347,0.98072016,0.12467078
1558.9000,1.923103e+14,B,A,0.98893251,0.12390371,0.98135111,0.12221913
1558.9500,1.923041e+14,B,A,0.98923738,0.12143437,0.98195254,0.11983240
1559.0000,1.922979e+14,B,A,0.98952810,0.11903218,0.98252623,0.11750774
1559.0500,1.922918e+14,B,A,0.98980551,0.11669406,0.98307381,0.11524245
1559.1000,1.922856e+14,B,A,0.99007040,0.11441711,0.98359682,0.11303399
1559.1500,1.922794e+14,B,A,0.99032348,0.11219860,0.98409666,0.11087994
1559.2000,1.922733e+14,B,A,0.99056545,0.11003597,0.98457465,0.10877801
1559.2500,1.922671e+14,B,A,0.99079691,0.10792679,0.98503201,0.10672605
1559.3000,1.922609e+14,B,A,0.99101846,0.10586876,0.98546988,0.10472201
1559.3500,1.922548e+14,B,A,0.99123064,0.10385971,0.98588932,0.10276395
1559.4000,1.922486e+14,B,A,0.99143395,0.10189760,0.98629131,0.10085001
1559.4500,1.922424e+14,B,A,0.99162886,0.09998048,0.98667678,0.09897844
1559.5000,1.922363e+14,B,A,0.99181582,0.09810652,0.98704659,0.09714759
1559.5500,1.922301e+14,B,A,0.99199524,0.09627397,0.98740154,0.09535586
1559.6000,1.922239e+14,B,A,0.99216750,0.09448118,0.98774240,0.09360176
1559.6500,1.922178e+14,B,A,0.99233296,0.09272658,0.98806987,0.09188384
1559.7000,1.922116e+14,B,A,0.99249197,0.09100867,0.98838461,0.09020074
1559.7500,1.922055e+14,B,A,0.99264484,0.08932604,0.98868725,0.08855116
1559.8000,1.921993e+14,B,A,0.99279187,0.08767733,0.98897836,0.08693386
1543.5000,1.942290e+14,D,A,0.11116976,1.64765428,-0.00853587,0.11084157
1543.5500,1.942227e+14,D,A,0.11019629,1.64620647,-0.00830204,0.10988312
1543.6000,1.942164e+14,D,A,0.10924939,1.64478376,-0.00807571,0.10895050
1543.6500,1.942101e+14,D,A,0.10832821,1.64338526,-0.00785653,0.10804294
1543.7000,1.942038e+14,D,A,0.10743195,1.64201011,-0.00764417,0.10715965
1543.7500,1.941975e+14,D,A,0.10655983,1.64065750,-0.00743834,0.10629990
1543.8000,1.941913e+14,D,A,0.10571113,1.63932664,-0.00723875,0.10546300
1543.8500,1.941850e+14,D,A,0.10488515,1.63801678,-0.00704512,0.10464828
1543.9000,1.941787e+14,D,A,0.10408122,1.63672720,-0.00685720,0.10385508
1543.9500,1.941724e+14,D,A,0.10329868,1.63545721,-0.00667473,0.10308281
1544.0000,1.941661e+14,D,A,0.10253693,1.63420614,-0.00649749,0.10233086
1544.0500,1.941598e+14,D,A,0.10179539,1.63297336,-0.00632526,0.10159868
1544.1000,1.941535e+14,D,A,0.10107347,1.63175825,-0.00615782,0.10088572
1544.1500,1.941472e+14,D,A,0.10037065,1.63056023,-0.00599497,0.10019146
1544.2000,1.941410e+14,D,A,0.09968641,1.62937873,-0.00583653,0.09951540
1544.2500,1.941347e+14,D,A,0.09902024,1.62821319,-0.00568231,0.09885707
1544.3000,1.941284e+14,D,A,0.09837168,1.62706311,-0.00553214,0.09821600
1544.3500,1.941221e+14,D,A,0.09774026,1.62592796,-0.00538585,0.09759176
1544.4000,1.941158e+14,D,A,0.09712555,1.62480726,-0.00524329,0.09698392
1544.4500,1.941095e+14,D,A,0.09652712,1.62370055,-0.00510431,0.09639207
1544.5000,1.941032e+14,D,A,0.09594457,1.62260736,-0.00496876,0.09581583
1544.5500,1.940970e+14,D,A,0.09537752,1.62152727,-0.00483652,0.09525481
1544.6000,1.940907e+14,D,A,0.09482558,1.62045984,-0.00470744,0.09470866
1544.6500,1.940844e+14,D,A,0.09428840,1.61940466,-0.00458140,0.09417703
1544.7000,1.940781e+14,D,A,0.09376564,1.61836135,-0.00445828,0.09365959
1544.7500,1.940718e+14,D,A,0.09325696,1.61732952,-0.00433798,0.09315601
1544.8000,1.940655e+14,D,A,0.09276204,1.61630880,-0.00422037,0.09266599
1544.8500,1.940593e+14,D,A,0.09228059,1.61529883,-0.00410536,0.09218923
1544.9000,1.940530e+14,D,A,0.09181231,1.61429927,-0.00399285,0.09172544
1544.9500,1.940467e+14,D,A,0.09135690,1.61330977,-0.00388273,0.09127436
1545.0000,1.940404e+14,D,A,0.09091411,1.61233002,-0.00377491,0.09083571
1545.0500,1.940341e+14,D,A,0.09048367,1.61135970,-0.00366932,0.09040924
1545.1000,1.940279e+14,D,A,0.09006533,1.61039850,-0.00356585,0.08999471
1545.1500,1.940216e+14,D,A,0.08965885,1.60944612,-0.00346443,0.08959189
1545.2000,1.940153e+14,D,A,0.08926399,1.60850227,-0.00336499,0.08920054
1545.2500,1.940090e+14,D,A,0.08888053,1.60756668,-0.00326743,0.08882045
1545.3000,1.940028e+14,D,A,0.08850826,1.60663908,-0.00317170,0.08845141
1545.3500,1.939965e+14,D,A,0.08814696,1.60571918,-0.00307772,0.08809322
1545.4000,1.939902e+14,D,A,0.08779645,1.60480675,-0.00298542,0.08774568
1545.4500,1.939839e+14,D,A,0.08745653,1.60390152,-0.00289474,0.08740861
1545.5000,1.939776e+14,D,A,0.08712701,1.60300324,-0.00280561,0.08708183
1545.5500,1.939714e+14,D,A,0.08680772,1.60211170,-0.00271797,0.08676516
1545.6000,1.939651e+14,D,A,0.08649850,1.60122664,-0.00263177,0.08645845
1545.6500,1.939588e+14,D,A,0.08619917,1.60034784,-0.00254694,0.08616153
1545.7000,1.939526e+14,D,A,0.08590958,1.59947508,-0.00246344,0.08587425
1545.7500,1.939463e+14,D,A,0.08562958,1.59860814,-0.00238121,0.08559646
1545.8000,1.939400e+14,D,A,0.08535902,1.59774682,-0.00230019,0.08532803
1545.8500,1.939337e+14,D,A,0.08509778,1.59689090,-0.00222034,0.08506881
1545.9000,1.939275e+14,D,A,0.08484571,1.59604018,-0.00214161,0.08481867
1545.9500,1.939212e+14,D,A,0.08460269,1.59519447,-0.00206394,0.08457751
1546.0000,1.939149e+14,D,A,0.08436859,1.59435356,-0.00198731,0.08434518
1546.0500,1.939086e+14,D,A,0.08414330,1.59351728,-0.00191165,0.08412159
1546.1000,1.939024e+14,D,A,0.08392672,1.59268543,-0.00183693,0.08390661
1546.1500,1.938961e+14,D,A,0.08371872,1.59185783,-0.00176311,0.08370016
1546.2000,1.938898e+14,D,A,0.08351922,1.59103431,-0.00169014,0.08350212
1546.2500,1.938836e+14,D,A,0.08332811,1.59021468,-0.00161799,0.08331240
1546.3000,1.938773e+14,D,A,0.08314530,1.58939877,-0.00154662,0.08313091
1546.3500,1.938710e+14,D,A,0.08297070,1.58858641,-0.00147598,0.08295757
1546.4000,1.938648e+14,D,A,0.08280423,1.58777744,-0.00140604,0.08279229
1546.4500,1.938585e+14,D,A,0.08264581,1.58697169,-0.00133677,0.08263500
1546.5000,1.938522e+14,D,A,0.08249536,1.58616899,-0.00126812,0.08248561
1546.5500,1.938460e+14,D,A,0.08235281,1.58536919,-0.00120007,0.08234407
1546.6000,1.938397e+14,D,A,0.08221810,1.58457213,-0.00113258,0.08221030
1546.6500,1.938334e+14,D,A,0.08209117,1.58377766,-0.00106562,0.08208425
1546.7000,1.938272e+14,D,A,0.08197194,1.58298562,-0.00099915,0.08196585
1546.7500,1.938209e+14,D,A,0.08186037,1.58219585,-0.00093315,0.08185505
1546.8000,1.938146e+14,D,A,0.08175640,1.58140821,-0.00086757,0.08175180
1546.8500,1.938084e+14,D,A,0.08165999,1.58062255,-0.00080240,0.08165604
1546.9000,1.938021e+14,D,A,0.08157108,1.57983872,-0.00073759,0.08156775
1546.9500,1.937958e+14,D,A,0.08148965,1.57905658,-0.00067312,0.08148686
1547.0000,1.937896e+14,D,A,0.08141564,1.57827598,-0.00060895,0.08141336
1547.0500,1.937833e+14,D,A,0.08134903,1.57749677,-0.00054507,0.08134720
1547.1000,1.937770e+14,D,A,0.08128978,1.57671882,-0.00048144,0.08128836
1547.1500,1.937708e+14,D,A,0.08123787,1.57594199,-0.00041802,0.08123679
1547.2000,1.937645e+14,D,A,0.08119327,1.57516612,-0.00035480,0.08119250
1547.2500,1.937583e+14,D,A,0.08115596,1.57439109,-0.00029174,0.08115544
1547.3000,1.937520e+14,D,A,0.08112593,1.57361675,-0.00022881,0.08112560
1547.3500,1.937457e+14,D,A,0.08110315,1.57284297,-0.00016599,0.08110298
1547.4000,1.937395e+14,D,A,0.08108761,1.57206960,-0.00010325,0.08108755
1547.4500,1.937332e+14,D,A,0.08107932,1.57129650,-0.00004055,0.08107931
1547.5000,1.937270e+14,D,A,0.08107825,1.57052355,0.00002212,0.08107825
1547.5500,1.937207e+14,D,A,0.08108442,1.56975060,0.00008479,0.08108437
1547.6000,1.937144e+14,D,A,0.08109782,1.56897751,0.00014750,0.08109768
1547.6500,1.937082e+14,D,A,0.08111845,1.56820415,0.00021027,0.08111818
1547.7000,1.937019e+14,D,A,0.08114633,1.56743037,0.00027313,0.08114587
1547.7500,1.936957e+14,D,A,0.08118147,1.56665604,0.00033611,0.08118077
1547.8000,1.936894e+14,D,A,0.08122387,1.56588103,0.00039924,0.08122289
1547.8500,1.936831e+14,D,A,0.08127356,1.56510518,0.00046254,0.08127225
1547.9000,1.936769e+14,D,A,0.08133056,1.56432837,0.00052604,0.08132886
1547.9500,1.936706e+14,D,A,0.08139489,1.56355044,0.00058977,0.08139276
1548.0000,1.936644e+14,D,A,0.08146658,1.56277127,0.00065377,0.08146396
1548.0500,1.936581e+14,D,A,0.08154566,1.56199070,0.00071805,0.08154250
1548.1000,1.936519e+14,D,A,0.08163216,1.56120860,0.00078265,0.08162841
1548.1500,1.936456e+14,D,A,0.08172613,1.56042482,0.00084761,0.08172173
1548.2000,1.936394e+14,D,A,0.08182759,1.55963921,0.00091294,0.08182250
1548.2500,1.936331e+14,D,A,0.08193660,1.55885162,0.00097869,0.08193076
1548.3000,1.936269e+14,D,A,0.08205321,1.55806192,0.00104487,0.08204656
1548.3500,1.936206e+14,D,A,0.08217746,1.55726995,0.00111153,0.08216994
1548.4000,1.936143e+14,D,A,0.08230941,1.55647556,0.00117869,0.08230097
1548.4500,1.936081e+14,D,A,0.08244913,1.55567859,0.00124640,0.08243970
1548.5000,1.936018e+14,D,A,0.08259666,1.55487889,0.00131467,0.08258620
1548.5500,1.935956e+14,D,A,0.08275209,1.55407630,0.00138355,0.08274052
1548.6000,1.935893e+14,D,A,0.08291547,1.55327067,0.00145307,0.08290274
1548.6500,1.935831e+14,D,A,0.08308689,1.55246183,0.00152327,0.08307292
1548.7000,1.935768e+14,D,A,0.08326642,1.55164963,0.00159418,0.08325115
1548.7500,1.935706e+14,D,A,0.08345414,1.55083388,0.00166584,0.08343751
1548.8000,1.935643e+14,D,A,0.08365015,1.55001443,0.00173828,0.08363209
1548.8500,1.935581e+14,D,A,0.08385453,1.54919110,0.00181156,0.08383496
1548.9000,1.935518e+14,D,A,0.08406738,1.54836371,0.00188569,0.08404623
1548.9500,1.935456e+14,D,A,0.08428880,1.54753209,0.00196074,0.08426599
1549.0000,1.935394e+14,D,A,0.08451890,1.54669607,0.00203673,0.08449435
1549.0500,1.935331e+14,D,A,0.08475778,1.54585544,0.00211371,0.08473142
1549.1000,1.935269e+14,D,A,0.08500556,1.54501003,0.00219174,0.08497730
1549.1500,1.935206e+14,D,A,0.08526236,1.54415964,0.00227084,0.08523211
1549.2000,1.935144e+14,D,A,0.08552830,1.54330408,0.00235107,0.08549598
1549.2500,1.935081e+14,D,A,0.08580353,1.54244314,0.00243248,0.08576904
1549.3000,1.935019e+14,D,A,0.08608816,1.54157662,0.00251511,0.08605142
1549.3500,1.934956e+14,D,A,0.08638235,1.54070431,0.00259903,0.08634325
1549.4000,1.934894e+14,D,A,0.08668625,1.53982600,0.00268427,0.08664468
1549.4500,1.934831e+14,D,A,0.08700000,1.53894147,0.00277090,0.08695586
1549.5000,1.934769e+14,D,A,0.08732377,1.53805049,0.00285898,0.08727696
1549.5500,1.934707e+14,D,A,0.08765772,1.53715283,0.00294856,0.08760812
1549.6000,1.934644e+14,D,A,0.08800204,1.53624825,0.00303970,0.08794953
1549.6500,1.934582e+14,D,A,0.08835689,1.53533652,0.00313246,0.08830135
1549.7000,1.934519e+14,D,A,0.08872247,1.53441739,0.00322692,0.08866377
1549.7500,1.934457e+14,D,A,0.08909898,1.53349060,0.00332313,0.08903699
1549.8000,1.934394e+14,D,A,0.08948661,1.53255588,0.00342117,0.08942119
1549.8500,1.934332e+14,D,A,0.08988559,1.53161297,0.00352112,0.08981659
1549.9000,1.934270e+14,D,A,0.09029612,1.53066160,0.00362304,0.09022340
1549.9500,1.934207e+14,D,A,0.09071844,1.52970147,0.00372701,0.09064185
1550.0000,1.934145e+14,D,A,0.09115278,1.52873230,0.00383312,0.09107215
1550.0500,1.934083e+14,D,A,0.09159940,1.52775377,0.00394145,0.09151456
1550.1000,1.934020e+14,D,A,0.09205855,1.52676559,0.00405210,0.09196933
1550.1500,1.933958e+14,D,A,0.09253049,1.52576743,0.00416514,0.09243670
1550.2000,1.933895e+14,D,A,0.09301551,1.52475895,0.00428068,0.09291696
1550.2500,1.933833e+14,D,A,0.09351390,1.52373982,0.00439881,0.09341038
1550.3000,1.933771e+14,D,A,0.09402594,1.52270969,0.00451965,0.09391725
1550.3500,1.933708e+14,D,A,0.09455197,1.52166819,0.00464329,0.09443788
1550.4000,1.933646e+14,D,A,0.09509229,1.52061495,0.00476986,0.09497259
1550.4500,1.933584e+14,D,A,0.09564725,1.51954958,0.00489947,0.09552168
1550.5000,1.933521e+14,D,A,0.09621721,1.51847167,0.00503224,0.09608552
1550.5500,1.933459e+14,D,A,0.09680252,1.51738081,0.00516830,0.09666445
1550.6000,1.933396e+14,D,A,0.09740356,1.51627657,0.00530779,0.09725884
1550.6500,1.933334e+14,D,A,0.09802074,1.51515851,0.00545085,0.09786907
1550.7000,1.933272e+14,D,A,0.09865447,1.51402617,0.00559762,0.09849553
1550.7500,1.933209e+14,D,A,0.09930517,1.51287906,0.00574827,0.09913866
1550.8000,1.933147e+14,D,A,0.09997329,1.51171669,0.00590295,0.09979886
1550.8500,1.933085e+14,D,A,0.10065930,1.51053854,0.00606184,0.10047661
1550.9000,1.933022e+14,D,A,0.10136368,1.50934409,0.00622511,0.10117235
1550.9500,1.932960e+14,D,A,0.10208695,1.50813278,0.00639295,0.10188658
1551.0000,1.932898e+14,D,A,0.10282963,1.50690402,0.00656555,0.10261981
1551.0500,1.932836e+14,D,A,0.10359226,1.50565723,0.00674314,0.10337256
1551.1000,1.932773e+14,D,A,0.10437543,1.50439178,0.00692591,0.10414539
1551.1500,1.932711e+14,D,A,0.10517973,1.50310701,0.00711411,0.10493887
1551.2000,1.932649e+14,D,A,0.10600580,1.50180227,0.00730797,0.10575359
1551.2500,1.932586e+14,D,A,0.10685427,1.50047683,0.00750775,0.10659020
1551.3000,1.932524e+14,D,A,0.10772585,1.49912998,0.00771371,0.10744932
1551.3500,1.932462e+14,D,A,0.10862123,1.49776094,0.00792614,0.10833166
1551.4000,1.932399e+14,D,A,0.10954118,1.49636892,0.00814534,0.10923792
1551.4500,1.932337e+14,D,A,0.11048646,1.49495309,0.00837162,0.11016884
1551.5000,1.932275e+14,D,A,0.11145789,1.49351258,0.00860531,0.11112520
1551.5500,1.932213e+14,D,A,0.11245634,1.49204648,0.00884677,0.11210782
1551.6000,1.932150e+14,D,A,0.11348269,1.49055385,0.00909636,0.11311754
1551.6500,1.932088e+14,D,A,0.11453789,1.48903368,0.00935449,0.11415525
1551.7000,1.932026e+14,D,A,0.11562292,1.48748494,0.00962157,0.11522189
1551.7500,1.931964e+14,D,A,0.11673880,1.48590655,0.00989803,0.11631843
1551.8000,1.931901e+14,D,A,0.11788663,1.48429735,0.01018436,0.11744588
1551.8500,1.931839e+14,D,A,0.11906753,1.48265616,0.01048105,0.11860533
1551.9000,1.931777e+14,D,A,0.12028271,1.48098172,0.01078863,0.11979789
1551.9500,1.931715e+14,D,A,0.12153341,1.47927272,0.01110765,0.12102475
1552.0000,1.931652e+14,D,A,0.12282095,1.47752776,0.01143873,0.12228713
1552.0500,1.931590e+14,D,A,0.12414673,1.47574539,0.01178250,0.12358634
1552.1000,1.931528e+14,D,A,0.12551220,1.47392409,0.01213964,0.12492374
1552.1500,1.931466e+14,D,A,0.12691890,1.47206224,0.01251087,0.12630077
1552.2000,1.931404e+14,D,A,0.12836844,1.47015814,0.01289697,0.12771893
1552.2500,1.931341e+14,D,A,0.12986255,1.46821000,0.01329877,0.12917982
1552.3000,1.931279e+14,D,A,0.13140302,1.46621594,0.01371714,0.13068510
1552.3500,1.931217e+14,D,A,0.13299176,1.46417397,0.01415304,0.13223653
1552.4000,1.931155e+14,D,A,0.13463079,1.46208196,0.01460749,0.13383598
1552.4500,1.931093e+14,D,A,0.13632222,1.45993771,0.01508156,0.13548540
1552.5000,1.931030e+14,D,A,0.13806831,1.45773885,0.01557642,0.13718685
1552.5500,1.930968e+14,D,A,0.13987145,1.45548288,0.01609334,0.13894253
1552.6000,1.930906e+14,D,A,0.14173416,1.45316717,0.01663365,0.14075473
1552.6500,1.930844e+14,D,A,0.14365913,1.45078890,0.01719881,0.14262590
1552.7000,1.930782e+14,D,A,0.14564920,1.44834509,0.01779039,0.14455861
1552.7500,1.930719e+14,D,A,0.14770740,1.44583258,0.01841007,0.14655560
1552.8000,1.930657e+14,D,A,0.14983693,1.44324800,0.01905967,0.14861977
1552.8500,1.930595e+14,D,A,0.15204122,1.44058775,0.01974118,0.15075417
1552.9000,1.930533e+14,D,A,0.15432392,1.43784802,0.02045672,0.15296207
1552.9500,1.930471e+14,D,A,0.15668890,1.43502472,0.02120860,0.15524692
1553.0000,1.930409e+14,D,A,0.15914031,1.43211349,0.02199935,0.15761239
1553.0500,1.930346e+14,D,A,0.16168258,1.42910968,0.02283169,0.16006240
1553.1000,1.930284e+14,D,A,0.16432045,1.42600828,0.02370860,0.16260108
1553.1500,1.930222e+14,D,A,0.16705898,1.42280397,0.02463330,0.16523288
1553.2000,1.930160e+14,D,A,0.16990360,1.41949099,0.02560935,0.16796248
1553.2500,1.930098e+14,D,A,0.17286015,1.41606319,0.02664059,0.17079493
1553.3000,1.930036e+14,D,A,0.17593487,1.41251394,0.02773126,0.17373559
1553.3500,1.929974e+14,D,A,0.17913449,1.40883609,0.02888599,0.17679017
1553.4000,1.929912e+14,D,A,0.18246625,1.40502195,0.03010988,0.17996480
1553.4500,1.929849e+14,D,A,0.18593797,1.40106321,0.03140851,0.18326602
1553.5000,1.929787e+14,D,A,0.18955806,1.39695087,0.03278807,0.18670083
1553.5500,1.929725e+14,D,A,0.19333562,1.39267519,0.03425535,0.19027673
1553.6000,1.929663e+14,D,A,0.19728051,1.38822561,0.03581789,0.19400175
1553.6500,1.929601e+14,D,A,0.20140339,1.38359065,0.03748402,0.19788450
1553.7000,1.929539e+14,D,A,0.20571586,1.37875781,0.03926300,0.20193423
1553.7500,1.929477e+14,D,A,0.21023049,1.37371349,0.04116512,0.20616084
1553.8000,1.929415e+14,D,A,0.21496098,1.36844280,0.04320187,0.21057498
1553.8500,1.929353e+14,D,A,0.21992227,1.36292948,0.04538605,0.21518809
1553.9000,1.929291e+14,D,A,0.22513066,1.35715570,0.04773201,0.22001243
1553.9500,1.929228e+14,D,A,0.23060397,1.35110188,0.05025585,0.22506119
1554.0000,1.929166e+14,D,A,0.23636173,1.34474645,0.05297567,0.23034853
1554.0500,1.929104e+14,D,A,0.24242537,1.33806565,0.05591188,0.23588964
1554.1000,1.929042e+14,D,A,0.24881844,1.33103320,0.05908755,0.24170080
1554.1500,1.928980e+14,D,A,0.25556686,1.32362001,0.06252880,0.24779946
1554.2000,1.928918e+14,D,A,0.26269924,1.31579375,0.06626533,0.25420425
1554.2500,1.928856e+14,D,A,0.27024718,1.30751846,0.07033098,0.26093504
1554.3000,1.928794e+14,D,A,0.27824566,1.29875399,0.07476439,0.26801293
1554.3500,1.928732e+14,D,A,0.28673346,1.28945544,0.07960984,0.27546025
1554.4000,1.928670e+14,D,A,0.29575366,1.27957241,0.08491822,0.28330041
1554.4500,1.928608e+14,D,A,0.30535419,1.26904822,0.09074814,0.29155781
1554.5000,1.928546e+14,D,A,0.31558846,1.25781892,0.09716740,0.30025750
1554.5500,1.928484e+14,D,A,0.32651605,1.24581214,0.10425455,0.30942482
1554.6000,1.928422e+14,D,A,0.33820352,1.23294573,0.11210093,0.31908463
1554.6500,1.928360e+14,D,A,0.35072530,1.21912618,0.12081302,0.32926046
1554.7000,1.928298e+14,D,A,0.36416462,1.20424670,0.13051529,0.33997298
1554.7500,1.928236e+14,D,A,0.37861455,1.18818496,0.14135358,0.35123802
1554.8000,1.928174e+14,D,A,0.39417911,1.17080039,0.15349910,0.36306363
1554.8500,1.928112e+14,D,A,0.41097425,1.15193104,0.16715313,0.37544595
1554.9000,1.928050e+14,D,A,0.42912880,1.13138974,0.18255246,0.38836339
1554.9500,1.927988e+14,D,A,0.44878507,1.10895972,0.19997551,0.40176838
1555.0000,1.927926e+14,D,A,0.47009888,1.08438941,0.21974893,0.41557594
1555.0500,1.927864e+14,D,A,0.49323849,1.05738652,0.24225423,0.42964764
1555.1000,1.927802e+14,D,A,0.51838182,1.02761134,0.26793351,0.44376948
1555.1500,1.927740e+14,D,A,0.54571080,0.99466961,0.29729232,0.45762163
1555.2000,1.927678e+14,D,A,0.57540116,0.95810528,0.33089658,0.47073767
1555.2500,1.927616e+14,D,A,0.60760540,0.91739426,0.36935799,0.48245103
1555.3000,1.927554e+14,D,A,0.64242549,0.87194094,0.41329918,0.49182750
1555.3500,1.927492e+14,D,A,0.67987111,0.82108046,0.46328514,0.49758578
1555.4000,1.927430e+14,D,A,0.71979859,0.76409179,0.51970252,0.49801536
1555.4500,1.927368e+14,D,A,0.76182663,0.70022863,0.58256492,0.49091540
1555.5000,1.927306e+14,D,A,0.80522962,0.62877809,0.65122687,0.47360142
1555.5500,1.927244e+14,D,A,0.84882035,0.54915728,0.72401379,0.44305757
1555.6000,1.927182e+14,D,A,0.89085452,0.46105467,0.79783486,0.39633485
1555.6500,1.927120e+14,D,A,0.92901742,0.36460952,0.86794667,0.33127322
1555.7000,1.927058e+14,D,A,0.96057300,0.26059691,0.92814055,0.24749870
1555.7500,1.926996e+14,D,A,0.98273606,0.15055336,0.97161958,0.14739592
1555.8000,1.926934e+14,D,A,0.99323667,0.03675923,0.99256569,0.03650239
1555.8500,1.926873e+14,D,A,0.99090358,-0.07797739,0.98789252,-0.07718980
1555.9000,1.926811e+14,D,A,0.97600549,-0.19070768,0.95831084,-0.18500554
1555.9500,1.926749e+14,D,A,0.95017025,-0.29877844,0.90807464,-0.27968545
1556.0000,1.926687e+14,D,A,0.91592616,-0.40016656,0.84356443,-0.35681896
1556.0500,1.926625e+14,D,A,0.87609718,-0.49362060,0.77151144,-0.41511006
1556.1000,1.926563e+14,D,A,0.83329628,-0.57861686,0.69765218,-0.45570179
1556.1500,1.926501e+14,D,A,0.78963732,-0.65520278,0.62612269,-0.48114185
1556.2000,1.926439e+14,D,A,0.74665447,-0.72380802,0.55946023,-0.49446653
1556.2500,1.926377e+14,D,A,0.70535400,-0.78507690,0.49892080,-0.49860033
1556.3000,1.926315e+14,D,A,0.66632311,-0.83974346,0.44487318,-0.49605881
1556.3500,1.926253e+14,D,A,0.62984578,-0.88854990,0.39714182,-0.48885998
1556.4000,1.926192e+14,D,A,0.59600179,-0.93219920,0.35525855,-0.47854936
1556.4500,1.926130e+14,D,A,0.56474229,-0.97133178,0.31862786,-0.46627260
1556.5000,1.926068e+14,D,A,0.53594330,-1.00651703,0.28662622,-0.45285829
1556.5500,1.926006e+14,D,A,0.50944162,-1.03825360,0.25865654,-0.43889356
1556.6000,1.925944e+14,D,A,0.48505797,-1.06697422,0.23417446,-0.42478649
1556.6500,1.925882e+14,D,A,0.46261121,-1.09305240,0.21269794,-0.41081470
1556.7000,1.925820e+14,D,A,0.44192663,-1.11680972,0.19380772,-0.39716208
1556.7500,1.925759e+14,D,A,0.42284044,-1.13852288,0.17714317,-0.38394575
1556.8000,1.925697e+14,D,A,0.40520182,-1.15843012,0.16239610,-0.37123581
1556.8500,1.925635e+14,D,A,0.38887351,-1.17673684,0.14930407,-0.35906950
1556.9000,1.925573e+14,D,A,0.37373155,-1.19362053,0.13764393,-0.34746139
1556.9500,1.925511e+14,D,A,0.35966452,-1.20923495,0.12722596,-0.33641065
1557.0000,1.925449e+14,D,A,0.34657259,-1.22371366,0.11788871,-0.32590614
1557.0500,1.925387e+14,D,A,0.33436643,-1.23717304,0.10949453,-0.31593014
1557.1000,1.925326e+14,D,A,0.32296618,-1.24971479,0.10192587,-0.30646088
1557.1500,1.925264e+14,D,A,0.31230043,-1.26142807,0.09508203,-0.29747431
1557.2000,1.925202e+14,D,A,0.30230528,-1.27239130,0.08887657,-0.28894539
1557.2500,1.925140e+14,D,A,0.29292352,-1.28267361,0.08323505,-0.28084892
1557.3000,1.925078e+14,D,A,0.28410384,-1.29233621,0.07809316,-0.27316012
1557.3500,1.925017e+14,D,A,0.27580016,-1.30143335,0.07339523,-0.26585497
1557.4000,1.924955e+14,D,A,0.26797104,-1.31001336,0.06909288,-0.25891051
1557.4500,1.924893e+14,D,A,0.26057916,-1.31811931,0.06514397,-0.25230489
1557.5000,1.924831e+14,D,A,0.25359082,-1.32578977,0.06151167,-0.24601751
1557.5500,1.924769e+14,D,A,0.24697557,-1.33305932,0.05816371,-0.24002899
1557.6000,1.924708e+14,D,A,0.24070583,-1.33995905,0.05507173,-0.23432115
1557.6500,1.924646e+14,D,A,0.23475657,-1.34651700,0.05221075,-0.22887701
1557.7000,1.924584e+14,D,A,0.22910507,-1.35275848,0.04955871,-0.22368072
1557.7500,1.924522e+14,D,A,0.22373060,-1.35870643,0.04709606,-0.21871749
1557.8000,1.924461e+14,D,A,0.21861430,-1.36438165,0.04480544,-0.21397356
1557.8500,1.924399e+14,D,A,0.21373891,-1.36980307,0.04267141,-0.20943608
1557.9000,1.924337e+14,D,A,0.20908865,-1.37498793,0.04068019,-0.20509311
1557.9500,1.924275e+14,D,A,0.20464906,-1.37995197,0.03881947,-0.20093354
1558.0000,1.924213e+14,D,A,0.20040687,-1.38470958,0.03707820,-0.19694700
1558.0500,1.924152e+14,D,A,0.19634987,-1.38927396,0.03544648,-0.19312384
1558.1000,1.924090e+14,D,A,0.19246681,-1.39365722,0.03391538,-0.18945506
1558.1500,1.924028e+14,D,A,0.18874735,-1.39787050,0.03247686,-0.18593229
1558.2000,1.923966e+14,D,A,0.18518191,-1.40192404,0.03112367,-0.18254769
1558.2500,1.923905e+14,D,A,0.18176165,-1.40582730,0.02984922,-0.17929396
1558.3000,1.923843e+14,D,A,0.17847838,-1.40958902,0.02864756,-0.17616427
1558.3500,1.923781e+14,D,A,0.17532451,-1.41321729,0.02751327,-0.17315225
1558.4000,1.923720e+14,D,A,0.17229298,-1.41671959,0.02644143,-0.17025193
1558.4500,1.923658e+14,D,A,0.16937725,-1.42010287,0.02542755,-0.16745773
1558.5000,1.923596e+14,D,A,0.16657123,-1.42337358,0.02446754,-0.16476442
1558.5500,1.923534e+14,D,A,0.16386923,-1.42653773,0.02355764,-0.16216708
1558.6000,1.923473e+14,D,A,0.16126597,-1.42960090,0.02269443,-0.15966113
1558.6500,1.923411e+14,D,A,0.15875650,-1.43256831,0.02187478,-0.15724223
1558.7000,1.923349e+14,D,A,0.15633620,-1.43544483,0.02109579,-0.15490634
1558.7500,1.923288e+14,D,A,0.15400075,-1.43823499,0.02035481,-0.15264964
1558.8000,1.923226e+14,D,A,0.15174610,-1.44094307,0.01964940,-0.15046854
1558.8500,1.923164e+14,D,A,0.14956846,-1.44357303,0.01897730,-0.14835965
1558.9000,1.923103e+14,D,A,0.14746427,-1.44612862,0.01833645,-0.14631981
1558.9500,1.923041e+14,D,A,0.14543018,-1.44861334,0.01772492,-0.14434599
1559.0000,1.922979e+14,D,A,0.14346306,-1.45103048,0.01714093,-0.14243538
1559.0500,1.922918e+14,D,A,0.14155994,-1.45338315,0.01658284,-0.14058530
1559.1000,1.922856e+14,D,A,0.13971804,-1.45567426,0.01604912,-0.13879321
1559.1500,1.922794e+14,D,A,0.13793474,-1.45790655,0.01553837,-0.13705674
1559.2000,1.922733e+14,D,A,0.13620756,-1.46008261,0.01504926,-0.13537362
1559.2500,1.922671e+14,D,A,0.13453416,-1.46220489,0.01458056,-0.13374172
1559.3000,1.922609e+14,D,A,0.13291235,-1.46427570,0.01413115,-0.13215901
1559.3500,1.922548e+14,D,A,0.13134003,-1.46629721,0.01369995,-0.13062356
1559.4000,1.922486e+14,D,A,0.12981523,-1.46827148,0.01328598,-0.12913357
1559.4500,1.922424e+14,D,A,0.12833609,-1.47020048,0.01288831,-0.12768729
1559.5000,1.922363e+14,D,A,0.12690084,-1.47208605,0.01250608,-0.12628309
1559.5500,1.922301e+14,D,A,0.12550779,-1.47392995,0.01213848,-0.12491942
1559.6000,1.922239e+14,D,A,0.12415536,-1.47573384,0.01178475,-0.12359479
1559.6500,1.922178e+14,D,A,0.12284204,-1.47749930,0.01144418,-0.12230779
1559.7000,1.922116e+14,D,A,0.12156639,-1.47922784,0.01111610,-0.12105709
1559.7500,1.922055e+14,D,A,0.12032705,-1.48092088,0.01079989,-0.11984140
1559.8000,1.921993e+14,D,A,0.11912274,-1.48257978,0.01049497,-0.11865952
1543.5000,1.942290e+14,B,C,0.11116976,1.64765428,-0.00853587,0.11084157
1543.5500,1.942227e+14,B,C,0.11019629,1.64620647,-0.00830204,0.10988312
1543.6000,1.942164e+14,B,C,0.10924939,1.64478376,-0.00807571,0.10895050
1543.6500,1.942101e+14,B,C,0.10832821,1.64338526,-0.00785653,0.10804294
1543.7000,1.942038e+14,B,C,0.10743195,1.64201011,-0.00764417,0.10715965
1543.7500,1.941975e+14,B,C,0.10655983,1.64065750,-0.00743834,0.10629990
1543.8000,1.941913e+14,B,C,0.10571113,1.63932664,-0.00723875,0.10546300
1543.8500,1.941850e+14,B,C,0.10488515,1.63801678,-0.00704512,0.10464828
1543.9000,1.941787e+14,B,C,0.10408122,1.63672720,-0.00685720,0.10385508
1543.9500,1.941724e+14,B,C,0.10329868,1.63545721,-0.00667473,0.10308281
1544.0000,1.941661e+14,B,C,0.10253693,1.63420614,-0.00649749,0.10233086
1544.0500,1.941598e+14,B,C,0.10179539,1.63297336,-0.00632526,0.10159868
1544.1000,1.941535e+14,B,C,0.10107347,1.63175825,-0.00615782,0.10088572
1544.1500,1.941472e+14,B,C,0.10037065,1.63056023,-0.00599497,0.10019146
1544.2000,1.941410e+14,B,C,0.09968641,1.62937873,-0.00583653,0.09951540
1544.2500,1.941347e+14,B,C,0.09902024,1.62821319,-0.00568231,0.09885707
1544.3000,1.941284e+14,B,C,0.09837168,1.62706311,-0.00553214,0.09821600
1544.3500,1.941221e+14,B,C,0.09774026,1.62592796,-0.00538585,0.09759176
1544.4000,1.941158e+14,B,C,0.09712555,1.62480726,-0.00524329,0.09698392
1544.4500,1.941095e+14,B,C,0.09652712,1.62370055,-0.00510431,0.09639207
1544.5000,1.941032e+14,B,C,0.09594457,1.62260736,-0.00496876,0.09581583
1544.5500,1.940970e+14,B,C,0.09537752,1.62152727,-0.00483652,0.09525481
1544.6000,1.940907e+14,B,C,0.09482558,1.62045984,-0.00470744,0.09470866
1544.6500,1.940844e+14,B,C,0.09428840,1.61940466,-0.00458140,0.09417703
1544.7000,1.940781e+14,B,C,0.09376564,1.61836135,-0.00445828,0.09365959
1544.7500,1.940718e+14,B,C,0.09325696,1.61732952,-0.00433798,0.09315601
1544.8000,1.940655e+14,B,C,0.09276204,1.61630880,-0.00422037,0.09266599
1544.8500,1.940593e+14,B,C,0.09228059,1.61529883,-0.00410536,0.09218923
1544.9000,1.940530e+14,B,C,0.09181231,1.61429927,-0.00399285,0.09172544
1544.9500,1.940467e+14,B,C,0.09135690,1.61330977,-0.00388273,0.09127436
1545.0000,1.940404e+14,B,C,0.09091411,1.61233002,-0.00377491,0.09083571
1545.0500,1.940341e+14,B,C,0.09048367,1.61135970,-0.00366932,0.09040924
1545.1000,1.940279e+14,B,C,0.09006533,1.61039850,-0.00356585,0.08999471
1545.1500,1.940216e+14,B,C,0.08965885,1.60944612,-0.00346443,0.08959189
1545.2000,1.940153e+14,B,C,0.08926399,1.60850227,-0.00336499,0.08920054
1545.2500,1.940090e+14,B,C,0.08888053,1.60756668,-0.00326743,0.08882045
1545.3000,1.940028e+14,B,C,0.08850826,1.60663908,-0.00317170,0.08845141
1545.3500,1.939965e+14,B,C,0.08814696,1.60571918,-0.00307772,0.08809322
1545.4000,1.939902e+14,B,C,0.08779645,1.60480675,-0.00298542,0.08774568
1545.4500,1.939839e+14,B,C,0.08745653,1.60390152,-0.00289474,0.08740861
1545.5000,1.939776e+14,B,C,0.08712701,1.60300324,-0.00280561,0.08708183
1545.5500,1.939714e+14,B,C,0.08680772,1.60211170,-0.00271797,0.08676516
1545.6000,1.939651e+14,B,C,0.08649850,1.60122664,-0.00263177,0.08645845
1545.6500,1.939588e+14,B,C,0.08619917,1.60034784,-0.00254694,0.08616153
1545.7000,1.939526e+14,B,C,0.08590958,1.59947508,-0.00246344,0.08587425
1545.7500,1.939463e+14,B,C,0.08562958,1.59860814,-0.00238121,0.08559646
1545.8000,1.939400e+14,B,C,0.08535902,1.59774682,-0.00230019,0.08532803
1545.8500,1.939337e+14,B,C,0.08509778,1.59689090,-0.00222034,0.08506881
1545.9000,1.939275e+14,B,C,0.08484571,1.59604018,-0.00214161,0.08481867
1545.9500,1.939212e+14,B,C,0.08460269,1.59519447,-0.00206394,0.08457751
1546.0000,1.939149e+14,B,C,0.08436859,1.59435356,-0.00198731,0.08434518
1546.0500,1.939086e+14,B,C,0.08414330,1.59351728,-0.00191165,0.08412159
1546.1000,1.939024e+14,B,C,0.08392672,1.59268543,-0.00183693,0.08390661
1546.1500,1.938961e+14,B,C,0.08371872,1.59185783,-0.00176311,0.08370016
1546.2000,1.938898e+14,B,C,0.08351922,1.59103431,-0.00169014,0.08350212
1546.2500,1.938836e+14,B,C,0.08332811,1.59021468,-0.00161799,0.08331240
1546.3000,1.938773e+14,B,C,0.08314530,1.58939877,-0.00154662,0.08313091
1546.3500,1.938710e+14,B,C,0.08297070,1.58858641,-0.00147598,0.08295757
1546.4000,1.938648e+14,B,C,0.08280423,1.58777744,-0.00140604,0.08279229
1546.4500,1.938585e+14,B,C,0.08264581,1.58697169,-0.00133677,0.08263500
1546.5000,1.938522e+14,B,C,0.08249536,1.58616899,-0.00126812,0.08248561
1546.5500,1.938460e+14,B,C,0.08235281,1.58536919,-0.00120007,0.08234407
1546.6000,1.938397e+14,B,C,0.08221810,1.58457213,-0.00113258,0.08221030
1546.6500,1.938334e+14,B,C,0.08209117,1.58377766,-0.00106562,0.08208425
1546.7000,1.938272e+14,B,C,0.08197194,1.58298562,-0.00099915,0.08196585
1546.7500,1.938209e+14,B,C,0.08186037,1.58219585,-0.00093315,0.08185505
1546.8000,1.938146e+14,B,C,0.08175640,1.58140821,-0.00086757,0.08175180
1546.8500,1.938084e+14,B,C,0.08165999,1.58062255,-0.00080240,0.08165604
1546.9000,1.938021e+14,B,C,0.08157108,1.57983872,-0.00073759,0.08156775
1546.9500,1.937958e+14,B,C,0.08148965,1.57905658,-0.00067312,0.08148686
1547.0000,1.937896e+14,B,C,0.08141564,1.57827598,-0.00060895,0.08141336
1547.0500,1.937833e+14,B,C,0.08134903,1.57749677,-0.00054507,0.08134720
1547.1000,1.937770e+14,B,C,0.08128978,1.57671882,-0.00048144,0.08128836
1547.1500,1.937708e+14,B,C,0.08123787,1.57594199,-0.00041802,0.08123679
1547.2000,1.937645e+14,B,C,0.08119327,1.57516612,-0.00035480,0.08119250
1547.2500,1.937583e+14,B,C,0.08115596,1.57439109,-0.00029174,0.08115544
1547.3000,1.937520e+14,B,C,0.08112593,1.57361675,-0.00022881,0.08112560
1547.3500,1.937457e+14,B,C,0.08110315,1.57284297,-0.00016599,0.08110298
1547.4000,1.937395e+14,B,C,0.08108761,1.57206960,-0.00010325,0.08108755
1547.4500,1.937332e+14,B,C,0.08107932,1.57129650,-0.00004055,0.08107931
1547.5000,1.937270e+14,B,C,0.08107825,1.57052355,0.00002212,0.08107825
1547.5500,1.937207e+14,B,C,0.08108442,1.56975060,0.00008479,0.08108437
1547.6000,1.937144e+14,B,C,0.08109782,1.56897751,0.00014750,0.08109768
1547.6500,1.937082e+14,B,C,0.08111845,1.56820415,0.00021027,0.08111818
1547.7000,1.937019e+14,B,C,0.08114633,1.56743037,0.00027313,0.08114587
1547.7500,1.936957e+14,B,C,0.08118147,1.56665604,0.00033611,0.08118077
1547.8000,1.936894e+14,B,C,0.08122387,1.56588103,0.00039924,0.08122289
1547.8500,1.936831e+14,B,C,0.08127356,1.56510518,0.00046254,0.08127225
1547.9000,1.936769e+14,B,C,0.08133056,1.56432837,0.00052604,0.08132886
1547.9500,1.936706e+14,B,C,0.08139489,1.56355044,0.00058977,0.08139276
1548.0000,1.936644e+14,B,C,0.08146658,1.56277127,0.00065377,0.08146396
1548.0500,1.936581e+14,B,C,0.08154566,1.56199070,0.00071805,0.08154250
1548.1000,1.936519e+14,B,C,0.08163216,1.56120860,0.00078265,0.08162841
1548.1500,1.936456e+14,B,C,0.08172613,1.56042482,0.00084761,0.08172173
1548.2000,1.936394e+14,B,C,0.08182759,1.55963921,0.00091294,0.08182250
1548.2500,1.936331e+14,B,C,0.08193660,1.55885162,0.00097869,0.08193076
1548.3000,1.936269e+14,B,C,0.08205321,1.55806192,0.00104487,0.08204656
1548.3500,1.936206e+14,B,C,0.08217746,1.55726995,0.00111153,0.08216994
1548.4000,1.936143e+14,B,C,0.08230941,1.55647556,0.00117869,0.08230097
1548.4500,1.936081e+14,B,C,0.08244913,1.55567859,0.00124640,0.08243970
1548.5000,1.936018e+14,B,C,0.08259666,1.55487889,0.00131467,0.08258620
1548.5500,1.935956e+14,B,C,0.08275209,1.55407630,0.00138355,0.08274052
1548.6000,1.935893e+14,B,C,0.08291547,1.55327067,0.00145307,0.08290274
1548.6500,1.935831e+14,B,C,0.08308689,1.55246183,0.00152327,0.08307292
1548.7000,1.935768e+14,B,C,0.08326642,1.55164963,0.00159418,0.08325115
1548.7500,1.935706e+14,B,C,0.08345414,1.55083388,0.00166584,0.08343751
1548.8000,1.935643e+14,B,C,0.08365015,1.55001443,0.00173828,0.08363209
1548.8500,1.935581e+14,B,C,0.08385453,1.54919110,0.00181156,0.08383496
1548.9000,1.935518e+14,B,C,0.08406738,1.54836371,0.00188569,0.08404623
1548.9500,1.935456e+14,B,C,0.08428880,1.54753209,0.00196074,0.08426599
1549.0000,1.935394e+14,B,C,0.08451890,1.54669607,0.00203673,0.08449435
1549.0500,1.935331e+14,B,C,0.08475778,1.54585544,0.00211371,0.08473142
1549.1000,1.935269e+14,B,C,0.08500556,1.54501003,0.00219174,0.08497730
1549.1500,1.935206e+14,B,C,0.08526236,1.54415964,0.00227084,0.08523211
1549.2000,1.935144e+14,B,C,0.08552830,1.54330408,0.00235107,0.08549598
1549.2500,1.935081e+14,B,C,0.08580353,1.54244314,0.00243248,0.08576904
1549.3000,1.935019e+14,B,C,0.08608816,1.54157662,0.00251511,0.08605142
1549.3500,1.934956e+14,B,C,0.08638235,1.54070431,0.00259903,0.08634325
1549.4000,1.934894e+14,B,C,0.08668625,1.53982600,0.00268427,0.08664468
1549.4500,1.934831e+14,B,C,0.08700000,1.53894147,0.00277090,0.08695586
1549.5000,1.934769e+14,B,C,0.08732377,1.53805049,0.00285898,0.08727696
1549.5500,1.934707e+14,B,C,0.08765772,1.53715283,0.00294856,0.08760812
1549.6000,1.934644e+14,B,C,0.08800204,1.53624825,0.00303970,0.08794953
1549.6500,1.934582e+14,B,C,0.08835689,1.53533652,0.00313246,0.08830135
1549.7000,1.934519e+14,B,C,0.08872247,1.53441739,0.00322692,0.08866377
1549.7500,1.934457e+14,B,C,0.08909898,1.53349060,0.00332313,0.08903699
1549.8000,1.934394e+14,B,C,0.08948661,1.53255588,0.00342117,0.08942119
1549.8500,1.934332e+14,B,C,0.08988559,1.53161297,0.00352112,0.08981659
1549.9000,1.934270e+14,B,C,0.09029612,1.53066160,0.00362304,0.09022340
1549.9500,1.934207e+14,B,C,0.09071844,1.52970147,0.00372701,0.09064185
1550.0000,1.934145e+14,B,C,0.09115278,1.52873230,0.00383312,0.09107215
1550.0500,1.934083e+14,B,C,0.09159940,1.52775377,0.00394145,0.09151456
1550.1000,1.934020e+14,B,C,0.09205855,1.52676559,0.00405210,0.09196933
1550.1500,1.933958e+14,B,C,0.09253049,1.52576743,0.00416514,0.09243670
1550.2000,1.933895e+14,B,C,0.09301551,1.52475895,0.00428068,0.09291696
1550.2500,1.933833e+14,B,C,0.09351390,1.52373982,0.00439881,0.09341038
1550.3000,1.933771e+14,B,C,0.09402594,1.52270969,0.00451965,0.09391725
1550.3500,1.933708e+14,B,C,0.09455197,1.52166819,0.00464329,0.09443788
1550.4000,1.933646e+14,B,C,0.09509229,1.52061495,0.00476986,0.09497259
1550.4500,1.933584e+14,B,C,0.09564725,1.51954958,0.00489947,0.09552168
1550.5000,1.933521e+14,B,C,0.09621721,1.51847167,0.00503224,0.09608552
1550.5500,1.933459e+14,B,C,0.09680252,1.51738081,0.00516830,0.09666445
1550.6000,1.933396e+14,B,C,0.09740356,1.51627657,0.00530779,0.09725884
1550.6500,1.933334e+14,B,C,0.09802074,1.51515851,0.00545085,0.09786907
1550.7000,1.933272e+14,B,C,0.09865447,1.51402617,0.00559762,0.09849553
1550.7500,1.933209e+14,B,C,0.09930517,1.51287906,0.00574827,0.09913866
1550.8000,1.933147e+14,B,C,0.09997329,1.51171669,0.00590295,0.09979886
1550.8500,1.933085e+14,B,C,0.10065930,1.51053854,0.00606184,0.10047661
1550.9000,1.933022e+14,B,C,0.10136368,1.50934409,0.00622511,0.10117235
1550.9500,1.932960e+14,B,C,0.10208695,1.50813278,0.00639295,0.10188658
1551.0000,1.932898e+14,B,C,0.10282963,1.50690402,0.00656555,0.10261981
1551.0500,1.932836e+14,B,C,0.10359226,1.50565723,0.00674314,0.10337256
1551.1000,1.932773e+14,B,C,0.10437543,1.50439178,0.00692591,0.10414539
1551.1500,1.932711e+14,B,C,0.10517973,1.50310701,0.00711411,0.10493887
1551.2000,1.932649e+14,B,C,0.10600580,1.50180227,0.00730797,0.10575359
1551.2500,1.932586e+14,B,C,0.10685427,1.50047683,0.00750775,0.10659020
1551.3000,1.932524e+14,B,C,0.10772585,1.49912998,0.00771371,0.10744932
1551.3500,1.932462e+14,B,C,0.10862123,1.49776094,0.00792614,0.10833166
1551.4000,1.932399e+14,B,C,0.10954118,1.49636892,0.00814534,0.10923792
1551.4500,1.932337e+14,B,C,0.11048646,1.49495309,0.00837162,0.11016884
1551.5000,1.932275e+14,B,C,0.11145789,1.49351258,0.00860531,0.11112520
1551.5500,1.932213e+14,B,C,0.11245634,1.49204648,0.00884677,0.11210782
1551.6000,1.932150e+14,B,C,0.11348269,1.49055385,0.00909636,0.11311754
1551.6500,1.932088e+14,B,C,0.11453789,1.48903368,0.00935449,0.11415525
1551.7000,1.932026e+14,B,C,0.11562292,1.48748494,0.00962157,0.11522189
1551.7500,1.931964e+14,B,C,0.11673880,1.48590655,0.00989803,0.11631843
1551.8000,1.931901e+14,B,C,0.11788663,1.48429735,0.01018436,0.11744588
1551.8500,1.931839e+14,B,C,0.11906753,1.48265616,0.01048105,0.11860533
1551.9000,1.931777e+14,B,C,0.12028271,1.48098172,0.01078863,0.11979789
1551.9500,1.931715e+14,B,C,0.12153341,1.47927272,0.01110765,0.12102475
1552.0000,1.931652e+14,B,C,0.12282095,1.47752776,0.01143873,0.12228713
1552.0500,1.931590e+14,B,C,0.12414673,1.47574539,0.01178250,0.12358634
1552.1000,1.931528e+14,B,C,0.12551220,1.47392409,0.01213964,0.12492374
1552.1500,1.931466e+14,B,C,0.12691890,1.47206224,0.01251087,0.12630077
1552.2000,1.931404e+14,B,C,0.12836844,1.47015814,0.01289697,0.12771893
1552.2500,1.931341e+14,B,C,0.12986255,1.46821000,0.01329877,0.12917982
1552.3000,1.931279e+14,B,C,0.13140302,1.46621594,0.01371714,0.13068510
1552.3500,1.931217e+14,B,C,0.13299176,1.46417397,0.01415304,0.13223653
1552.4000,1.931155e+14,B,C,0.13463079,1.46208196,0.01460749,0.13383598
1552.4500,1.931093e+14,B,C,0.13632222,1.45993771,0.01508156,0.13548540
1552.5000,1.931030e+14,B,C,0.13806831,1.45773885,0.01557642,0.13718685
1552.5500,1.930968e+14,B,C,0.13987145,1.45548288,0.01609334,0.13894253
1552.6000,1.930906e+14,B,C,0.14173416,1.45316717,0.01663365,0.14075473
1552.6500,1.930844e+14,B,C,0.14365913,1.45078890,0.01719881,0.14262590
1552.7000,1.930782e+14,B,C,0.14564920,1.44834509,0.01779039,0.14455861
1552.7500,1.930719e+14,B,C,0.14770740,1.44583258,0.01841007,0.14655560
1552.8000,1.930657e+14,B,C,0.14983693,1.44324800,0.01905967,0.14861977
1552.8500,1.930595e+14,B,C,0.15204122,1.44058775,0.01974118,0.15075417
1552.9000,1.930533e+14,B,C,0.15432392,1.43784802,0.02045672,0.15296207
1552.9500,1.930471e+14,B,C,0.15668890,1.43502472,0.02120860,0.15524692
1553.0000,1.930409e+14,B,C,0.15914031,1.43211349,0.02199935,0.15761239
1553.0500,1.930346e+14,B,C,0.16168258,1.42910968,0.02283169,0.16006240
1553.1000,1.930284e+14,B,C,0.16432045,1.42600828,0.02370860,0.16260108
1553.1500,1.930222e+14,B,C,0.16705898,1.42280397,0.02463330,0.16523288
1553.2000,1.930160e+14,B,C,0.16990360,1.41949099,0.02560935,0.16796248
1553.2500,1.930098e+14,B,C,0.17286015,1.41606319,0.02664059,0.17079493
1553.3000,1.930036e+14,B,C,0.17593487,1.41251394,0.02773126,0.17373559
1553.3500,1.929974e+14,B,C,0.17913449,1.40883609,0.02888599,0.17679017
1553.4000,1.929912e+14,B,C,0.18246625,1.40502195,0.03010988,0.17996480
1553.4500,1.929849e+14,B,C,0.18593797,1.40106321,0.03140851,0.18326602
1553.5000,1.929787e+14,B,C,0.18955806,1.39695087,0.03278807,0.18670083
1553.5500,1.929725e+14,B,C,0.19333562,1.39267519,0.03425535,0.19027673
1553.6000,1.929663e+14,B,C,0.19728051,1.38822561,0.03581789,0.19400175
1553.6500,1.929601e+14,B,C,0.20140339,1.38359065,0.03748402,0.19788450
1553.7000,1.929539e+14,B,C,0.20571586,1.37875781,0.03926300,0.20193423
1553.7500,1.929477e+14,B,C,0.21023049,1.37371349,0.04116512,0.20616084
1553.8000,1.929415e+14,B,C,0.21496098,1.36844280,0.04320187,0.21057498
1553.8500,1.929353e+14,B,C,0.21992227,1.36292948,0.04538605,0.21518809
1553.9000,1.929291e+14,B,C,0.22513066,1.35715570,0.04773201,0.22001243
1553.9500,1.929228e+14,B,C,0.23060397,1.35110188,0.05025585,0.22506119
1554.0000,1.929166e+14,B,C,0.23636173,1.34474645,0.05297567,0.23034853
1554.0500,1.929104e+14,B,C,0.24242537,1.33806565,0.05591188,0.23588964
1554.1000,1.929042e+14,B,C,0.24881844,1.33103320,0.05908755,0.24170080
1554.1500,1.928980e+14,B,C,0.25556686,1.32362001,0.06252880,0.24779946
1554.2000,1.928918e+14,B,C,0.26269924,1.31579375,0.06626533,0.25420425
1554.2500,1.928856e+14,B,C,0.27024718,1.30751846,0.07033098,0.26093504
1554.3000,1.928794e+14,B,C,0.27824566,1.29875399,0.07476439,0.26801293
1554.3500,1.928732e+14,B,C,0.28673346,1.28945544,0.07960984,0.27546025
1554.4000,1.928670e+14,B,C,0.29575366,1.27957241,0.08491822,0.28330041
1554.4500,1.928608e+14,B,C,0.30535419,1.26904822,0.09074814,0.29155781
1554.5000,1.928546e+14,B,C,0.31558846,1.25781892,0.09716740,0.30025750
1554.5500,1.928484e+14,B,C,0.32651605,1.24581214,0.10425455,0.30942482
1554.6000,1.928422e+14,B,C,0.33820352,1.23294573,0.11210093,0.31908463
1554.6500,1.928360e+14,B,C,0.35072530,1.21912618,0.12081302,0.32926046
1554.7000,1.928298e+14,B,C,0.36416462,1.20424670,0.13051529,0.33997298
1554.7500,1.928236e+14,B,C,0.37861455,1.18818496,0.14135358,0.35123802
1554.8000,1.928174e+14,B,C,0.39417911,1.17080039,0.15349910,0.36306363
1554.8500,1.928112e+14,B,C,0.41097425,1.15193104,0.16715313,0.37544595
1554.9000,1.928050e+14,B,C,0.42912880,1.13138974,0.18255246,0.38836339
1554.9500,1.927988e+14,B,C,0.44878507,1.10895972,0.19997551,0.40176838
1555.0000,1.927926e+14,B,C,0.47009888,1.08438941,0.21974893,0.41557594
1555.0500,1.927864e+14,B,C,0.49323849,1.05738652,0.24225423,0.42964764
1555.1000,1.927802e+14,B,C,0.51838182,1.02761134,0.26793351,0.44376948
1555.1500,1.927740e+14,B,C,0.54571080,0.99466961,0.29729232,0.45762163
1555.2000,1.927678e+14,B,C,0.57540116,0.95810528,0.33089658,0.47073767
1555.2500,1.927616e+14,B,C,0.60760540,0.91739426,0.36935799,0.48245103
1555.3000,1.927554e+14,B,C,0.64242549,0.87194094,0.41329918,0.49182750
1555.3500,1.927492e+14,B,C,0.67987111,0.82108046,0.46328514,0.49758578
1555.4000,1.927430e+14,B,C,0.71979859,0.76409179,0.51970252,0.49801536
1555.4500,1.927368e+14,B,C,0.76182663,0.70022863,0.58256492,0.49091540
1555.5000,1.927306e+14,B,C,0.80522962,0.62877809,0.65122687,0.47360142
1555.5500,1.927244e+14,B,C,0.84882035,0.54915728,0.72401379,0.44305757
1555.6000,1.927182e+14,B,C,0.89085452,0.46105467,0.79783486,0.39633485
1555.6500,1.927120e+14,B,C,0.92901742,0.36460952,0.86794667,0.33127322
1555.7000,1.927058e+14,B,C,0.96057300,0.26059691,0.92814055,0.24749870
1555.7500,1.926996e+14,B,C,0.98273606,0.15055336,0.97161958,0.14739592
1555.8000,1.926934e+14,B,C,0.99323667,0.03675923,0.99256569,0.03650239
1555.8500,1.926873e+14,B,C,0.99090358,-0.07797739,0.98789252,-0.07718980
1555.9000,1.926811e+14,B,C,0.97600549,-0.19070768,0.95831084,-0.18500554
1555.9500,1.926749e+14,B,C,0.95017025,-0.29877844,0.90807464,-0.27968545
1556.0000,1.926687e+14,B,C,0.91592616,-0.40016656,0.84356443,-0.35681896
1556.0500,1.926625e+14,B,C,0.87609718,-0.49362060,0.77151144,-0.41511006
1556.1000,1.926563e+14,B,C,0.83329628,-0.57861686,0.69765218,-0.45570179
1556.1500,1.926501e+14,B,C,0.78963732,-0.65520278,0.62612269,-0.48114185
1556.2000,1.926439e+14,B,C,0.74665447,-0.72380802,0.55946023,-0.49446653
1556.2500,1.926377e+14,B,C,0.70535400,-0.78507690,0.49892080,-0.49860033
1556.3000,1.926315e+14,B,C,0.66632311,-0.83974346,0.44487318,-0.49605881
1556.3500,1.926253e+14,B,C,0.62984578,-0.88854990,0.39714182,-0.48885998
1556.4000,1.926192e+14,B,C,0.59600179,-0.93219920,0.35525855,-0.47854936
1556.4500,1.926130e+14,B,C,0.56474229,-0.97133178,0.31862786,-0.46627260
1556.5000,1.926068e+14,B,C,0.53594330,-1.00651703,0.28662622,-0.45285829
1556.5500,1.926006e+14,B,C,0.50944162,-1.03825360,0.25865654,-0.43889356
1556.6000,1.925944e+14,B,C,0.48505797,-1.06697422,0.23417446,-0.42478649
1556.6500,1.925882e+14,B,C,0.46261121,-1.09305240,0.21269794,-0.41081470
1556.7000,1.925820e+14,B,C,0.44192663,-1.11680972,0.19380772,-0.39716208
1556.7500,1.925759e+14,B,C,0.42284044,-1.13852288,0.17714317,-0.38394575
1556.8000,1.925697e+14,B,C,0.40520182,-1.15843012,0.16239610,-0.37123581
1556.8500,1.925635e+14,B,C,0.38887351,-1.17673684,0.14930407,-0.35906950
1556.9000,1.925573e+14,B,C,0.37373155,-1.19362053,0.13764393,-0.34746139
1556.9500,1.925511e+14,B,C,0.35966452,-1.20923495,0.12722596,-0.33641065
1557.0000,1.925449e+14,B,C,0.34657259,-1.22371366,0.11788871,-0.32590614
1557.0500,1.925387e+14,B,C,0.33436643,-1.23717304,0.10949453,-0.31593014
1557.1000,1.925326e+14,B,C,0.32296618,-1.24971479,0.10192587,-0.30646088
1557.1500,1.925264e+14,B,C,0.31230043,-1.26142807,0.09508203,-0.29747431
1557.2000,1.925202e+14,B,C,0.30230528,-1.27239130,0.08887657,-0.28894539
1557.2500,1.925140e+14,B,C,0.29292352,-1.28267361,0.08323505,-0.28084892
1557.3000,1.925078e+14,B,C,0.28410384,-1.29233621,0.07809316,-0.27316012
1557.3500,1.925017e+14,B,C,0.27580016,-1.30143335,0.07339523,-0.26585497
1557.4000,1.924955e+14,B,C,0.26797104,-1.31001336,0.06909288,-0.25891051
1557.4500,1.924893e+14,B,C,0.26057916,-1.31811931,0.06514397,-0.25230489
1557.5000,1.924831e+14,B,C,0.25359082,-1.32578977,0.06151167,-0.24601751
1557.5500,1.924769e+14,B,C,0.24697557,-1.33305932,0.05816371,-0.24002899
1557.6000,1.924708e+14,B,C,0.24070583,-1.33995905,0.05507173,-0.23432115
1557.6500,1.924646e+14,B,C,0.23475657,-1.34651700,0.05221075,-0.22887701
1557.7000,1.924584e+14,B,C,0.22910507,-1.35275848,0.04955871,-0.22368072
1557.7500,1.924522e+14,B,C,0.22373060,-1.35870643,0.04709606,-0.21871749
1557.8000,1.924461e+14,B,C,0.21861430,-1.36438165,0.04480544,-0.21397356
1557.8500,1.924399e+14,B,C,0.21373891,-1.36980307,0.04267141,-0.20943608
1557.9000,1.924337e+14,B,C,0.20908865,-1.37498793,0.04068019,-0.20509311
1557.9500,1.924275e+14,B,C,0.20464906,-1.37995197,0.03881947,-0.20093354
1558.0000,1.924213e+14,B,C,0.20040687,-1.38470958,0.03707820,-0.19694700
1558.0500,1.924152e+14,B,C,0.19634987,-1.38927396,0.03544648,-0.19312384
1558.1000,1.924090e+14,B,C,0.19246681,-1.39365722,0.03391538,-0.18945506
1558.1500,1.924028e+14,B,C,0.18874735,-1.39787050,0.03247686,-0.18593229
1558.2000,1.923966e+14,B,C,0.18518191,-1.40192404,0.03112367,-0.18254769
1558.2500,1.923905e+14,B,C,0.18176165,-1.40582730,0.02984922,-0.17929396
1558.3000,1.923843e+14,B,C,0.17847838,-1.40958902,0.02864756,-0.17616427
1558.3500,1.923781e+14,B,C,0.17532451,-1.41321729,0.02751327,-0.17315225
1558.4000,1.923720e+14,B,C,0.17229298,-1.41671959,0.02644143,-0.17025193
1558.4500,1.923658e+14,B,C,0.16937725,-1.42010287,0.02542755,-0.16745773
1558.5000,1.923596e+14,B,C,0.16657123,-1.42337358,0.02446754,-0.16476442
1558.5500,1.923534e+14,B,C,0.16386923,-1.42653773,0.02355764,-0.16216708
1558.6000,1.923473e+14,B,C,0.16126597,-1.42960090,0.02269443,-0.15966113
1558.6500,1.923411e+14,B,C,0.15875650,-1.43256831,0.02187478,-0.15724223
1558.7000,1.923349e+14,B,C,0.15633620,-1.43544483,0.02109579,-0.15490634
1558.7500,1.923288e+14,B,C,0.15400075,-1.43823499,0.02035481,-0.15264964
1558.8000,1.923226e+14,B,C,0.15174610,-1.44094307,0.01964940,-0.15046854
1558.8500,1.923164e+14,B,C,0.14956846,-1.44357303,0.01897730,-0.14835965
1558.9000,1.923103e+14,B,C,0.14746427,-1.44612862,0.01833645,-0.14631981
1558.9500,1.923041e+14,B,C,0.14543018,-1.44861334,0.01772492,-0.14434599
1559.0000,1.922979e+14,B,C,0.14346306,-1.45103048,0.01714093,-0.14243538
1559.0500,1.922918e+14,B,C,0.14155994,-1.45338315,0.01658284,-0.14058530
1559.1000,1.922856e+14,B,C,0.13971804,-1.45567426,0.01604912,-0.13879321
1559.1500,1.922794e+14,B,C,0.13793474,-1.45790655,0.01553837,-0.13705674
1559.2000,1.922733e+14,B,C,0.13620756,-1.46008261,0.01504926,-0.13537362
1559.2500,1.922671e+14,B,C,0.13453416,-1.46220489,0.01458056,-0.13374172
1559.3000,1.922609e+14,B,C,0.13291235,-1.46427570,0.01413115,-0.13215901
1559.3500,1.922548e+14,B,C,0.13134003,-1.46629721,0.01369995,-0.13062356
1559.4000,1.922486e+14,B,C,0.12981523,-1.46827148,0.01328598,-0.12913357
1559.4500,1.922424e+14,B,C,0.12833609,-1.47020048,0.01288831,-0.12768729
1559.5000,1.922363e+14,B,C,0.12690084,-1.47208605,0.01250608,-0.12628309
1559.5500,1.922301e+14,B,C,0.12550779,-1.47392995,0.01213848,-0.12491942
1559.6000,1.922239e+14,B,C,0.12415536,-1.47573384,0.01178475,-0.12359479
1559.6500,1.922178e+14,B,C,0.12284204,-1.47749930,0.01144418,-0.12230779
1559.7000,1.922116e+14,B,C,0.12156639,-1.47922784,0.01111610,-0.12105709
1559.7500,1.922055e+14,B,C,0.12032705,-1.48092088,0.01079989,-0.11984140
1559.8000,1.921993e+14,B,C,0.11912274,-1.48257978,0.01049497,-0.11865952
1543.5000,1.942290e+14,D,C,0.99372515,0.07638847,0.99082727,0.07583534
1543.5500,1.942227e+14,D,C,0.99383490,0.07494953,0.99104481,0.07441774
1543.6000,1.942164e+14,D,C,0.99394072,0.07353554,0.99125457,0.07302412
1543.6500,1.942101e+14,D,C,0.99404277,0.07214561,0.99145690,0.07165363
1543.7000,1.942038e+14,D,C,0.99414123,0.07077889,0.99165212,0.07030548
1543.7500,1.941975e+14,D,C,0.99423624,0.06943457,0.99184052,0.06897891
1543.8000,1.941913e+14,D,C,0.99432795,0.06811186,0.99202238,0.06767317
1543.8500,1.941850e+14,D,C,0.99441649,0.06681003,0.99219798,0.06638758
1543.9000,1.941787e+14,D,C,0.99450199,0.06552834,0.99236757,0.06512144
1543.9500,1.941724e+14,D,C,0.99458458,0.06426613,0.99253140,0.06387411
1544.0000,1.941661e+14,D,C,0.99466436,0.06302272,0.99268968,0.06264496
1544.0500,1.941598e+14,D,C,0.99474146,0.06179748,0.99284264,0.06143340
1544.1000,1.941535e+14,D,C,0.99481598,0.06058981,0.99299049,0.06023884
1544.1500,1.941472e+14,D,C,0.99488801,0.05939912,0.99313341,0.05906073
1544.2000,1.941410e+14,D,C,0.99495764,0.05822484,0.99327160,0.05789853
1544.2500,1.941347e+14,D,C,0.99502498,0.05706644,0.99340523,0.05675172
1544.3000,1.941284e+14,D,C,0.99509010,0.05592339,0.99353447,0.05561981
1544.3500,1.941221e+14,D,C,0.99515308,0.05479518,0.99365947,0.05450231
1544.4000,1.941158e+14,D,C,0.99521400,0.05368134,0.99378039,0.05339876
1544.4500,1.941095e+14,D,C,0.99527293,0.05258139,0.99389738,0.05230872
1544.5000,1.941032e+14,D,C,0.99532995,0.05149489,0.99401057,0.05123176
1544.5500,1.940970e+14,D,C,0.99538512,0.05042139,0.99412009,0.05016744
1544.6000,1.940907e+14,D,C,0.99543850,0.04936049,0.99422607,0.04911538
1544.6500,1.940844e+14,D,C,0.99549015,0.04831176,0.99432862,0.04807518
1544.7000,1.940781e+14,D,C,0.99554013,0.04727483,0.99442786,0.04704646
1544.7500,1.940718e+14,D,C,0.99558849,0.04624930,0.99452390,0.04602886
1544.8000,1.940655e+14,D,C,0.99563530,0.04523482,0.99461684,0.04502202
1544.8500,1.940593e+14,D,C,0.99568058,0.04423102,0.99470678,0.04402561
1544.9000,1.940530e+14,D,C,0.99572440,0.04323756,0.99479380,0.04303928
1544.9500,1.940467e+14,D,C,0.99576680,0.04225411,0.99487801,0.04206272
1545.0000,1.940404e+14,D,C,0.99580783,0.04128034,0.99495949,0.04109561
1545.0500,1.940341e+14,D,C,0.99584751,0.04031594,0.99503831,0.04013765
1545.1000,1.940279e+14,D,C,0.99588590,0.03936061,0.99511456,0.03918855
1545.1500,1.940216e+14,D,C,0.99592303,0.03841405,0.99518831,0.03824802
1545.2000,1.940153e+14,D,C,0.99595893,0.03747596,0.99525963,0.03731579
1545.2500,1.940090e+14,D,C,0.99599364,0.03654609,0.99532859,0.03639157
1545.3000,1.940028e+14,D,C,0.99602720,0.03562414,0.99539525,0.03547511
1545.3500,1.939965e+14,D,C,0.99605963,0.03470986,0.99545968,0.03456615
1545.4000,1.939902e+14,D,C,0.99609097,0.03380299,0.99552194,0.03366445
1545.4500,1.939839e+14,D,C,0.99612124,0.03290329,0.99558207,0.03276975
1545.5000,1.939776e+14,D,C,0.99615047,0.03201050,0.99564015,0.03188183
1545.5500,1.939714e+14,D,C,0.99617869,0.03112439,0.99569621,0.03100045
1545.6000,1.939651e+14,D,C,0.99620591,0.03024473,0.99575031,0.03012539
1545.6500,1.939588e+14,D,C,0.99623218,0.02937130,0.99580250,0.02925642
1545.7000,1.939526e+14,D,C,0.99625750,0.02850386,0.99585281,0.02839334
1545.7500,1.939463e+14,D,C,0.99628190,0.02764222,0.99590130,0.02753593
1545.8000,1.939400e+14,D,C,0.99630540,0.02678615,0.99594800,0.02668399
1545.8500,1.939337e+14,D,C,0.99632802,0.02593545,0.99599295,0.02583732
1545.9000,1.939275e+14,D,C,0.99634978,0.02508992,0.99603620,0.02499572
1545.9500,1.939212e+14,D,C,0.99637070,0.02424937,0.99607777,0.02415899
1546.0000,1.939149e+14,D,C,0.99639080,0.02341359,0.99611770,0.02332696
1546.0500,1.939086e+14,D,C,0.99641008,0.02258241,0.99615602,0.02249943
1546.1000,1.939024e+14,D,C,0.99642857,0.02175564,0.99619277,0.02167623
1546.1500,1.938961e+14,D,C,0.99644628,0.02093309,0.99622797,0.02085717
1546.2000,1.938898e+14,D,C,0.99646323,0.02011458,0.99626165,0.02004209
1546.2500,1.938836e+14,D,C,0.99647942,0.01929995,0.99629384,0.01923081
1546.3000,1.938773e+14,D,C,0.99649488,0.01848902,0.99632456,0.01842316
1546.3500,1.938710e+14,D,C,0.99650961,0.01768161,0.99635384,0.01761898
1546.4000,1.938648e+14,D,C,0.99652363,0.01687758,0.99638170,0.01681810
1546.4500,1.938585e+14,D,C,0.99653694,0.01607674,0.99640816,0.01602037
1546.5000,1.938522e+14,D,C,0.99654956,0.01527894,0.99643324,0.01522563
1546.5500,1.938460e+14,D,C,0.99656150,0.01448402,0.99645696,0.01443371
1546.6000,1.938397e+14,D,C,0.99657275,0.01369182,0.99647934,0.01364447
1546.6500,1.938334e+14,D,C,0.99658335,0.01290219,0.99650040,0.01285775
1546.7000,1.938272e+14,D,C,0.99659328,0.01211497,0.99652015,0.01207341
1546.7500,1.938209e+14,D,C,0.99660256,0.01133002,0.99653860,0.01129129
1546.8000,1.938146e+14,D,C,0.99661120,0.01054719,0.99655577,0.01051125
1546.8500,1.938084e+14,D,C,0.99661921,0.00976632,0.99657168,0.00973314
1546.9000,1.938021e+14,D,C,0.99662658,0.00898727,0.99658633,0.00895683
1546.9500,1.937958e+14,D,C,0.99663332,0.00820989,0.99659973,0.00818216
1547.0000,1.937896e+14,D,C,0.99663944,0.00743405,0.99661190,0.00740900
1547.0500,1.937833e+14,D,C,0.99664495,0.00665960,0.99662285,0.00663720
1547.1000,1.937770e+14,D,C,0.99664984,0.00588639,0.99663257,0.00586663
1547.1500,1.937708e+14,D,C,0.99665413,0.00511429,0.99664109,0.00509715
1547.2000,1.937645e+14,D,C,0.99665780,0.00434315,0.99664840,0.00432862
1547.2500,1.937583e+14,D,C,0.99666088,0.00357285,0.99665452,0.00356091
1547.3000,1.937520e+14,D,C,0.99666336,0.00280323,0.99665944,0.00279387
1547.3500,1.937457e+14,D,C,0.99666523,0.00203416,0.99666317,0.00202738
1547.4000,1.937395e+14,D,C,0.99666651,0.00126551,0.99666571,0.00126129
1547.4500,1.937332e+14,D,C,0.99666720,0.00049713,0.99666707,0.00049547
1547.5000,1.937270e+14,D,C,0.99666728,-0.00027111,0.99666725,-0.00027021
1547.5500,1.937207e+14,D,C,0.99666677,-0.00103935,0.99666624,-0.00103589
1547.6000,1.937144e+14,D,C,0.99666567,-0.00180773,0.99666404,-0.00180170
1547.6500,1.937082e+14,D,C,0.99666397,-0.00257638,0.99666066,-0.00256778
1547.7000,1.937019e+14,D,C,0.99666167,-0.00334543,0.99665610,-0.00333426
1547.7500,1.936957e+14,D,C,0.99665878,-0.00411504,0.99665034,-0.00410128
1547.8000,1.936894e+14,D,C,0.99665528,-0.00488533,0.99664339,-0.00486897
1547.8500,1.936831e+14,D,C,0.99665118,-0.00565645,0.99663524,-0.00563748
1547.9000,1.936769e+14,D,C,0.99664647,-0.00642853,0.99662588,-0.00640692
1547.9500,1.936706e+14,D,C,0.99664116,-0.00720171,0.99661531,-0.00717746
1548.0000,1.936644e+14,D,C,0.99663523,-0.00797613,0.99660353,-0.00794921
1548.0500,1.936581e+14,D,C,0.99662868,-0.00875194,0.99659051,-0.00872232
1548.1000,1.936519e+14,D,C,0.99662151,-0.00952927,0.99657626,-0.00949694
1548.1500,1.936456e+14,D,C,0.99661372,-0.01030828,0.99656077,-0.01027319
1548.2000,1.936394e+14,D,C,0.99660529,-0.01108910,0.99654401,-0.01105123
1548.2500,1.936331e+14,D,C,0.99659622,-0.01187188,0.99652599,-0.01183119
1548.3000,1.936269e+14,D,C,0.99658651,-0.01265677,0.99650669,-0.01261322
1548.3500,1.936206e+14,D,C,0.99657615,-0.01344391,0.99648609,-0.01339748
1548.4000,1.936143e+14,D,C,0.99656512,-0.01423346,0.99646418,-0.01418409
1548.4500,1.936081e+14,D,C,0.99655343,-0.01502557,0.99644094,-0.01497322
1548.5000,1.936018e+14,D,C,0.99654107,-0.01582039,0.99641636,-0.01576501
1548.5500,1.935956e+14,D,C,0.99652801,-0.01661808,0.99639042,-0.01655962
1548.6000,1.935893e+14,D,C,0.99651427,-0.01741880,0.99636309,-0.01735720
1548.6500,1.935831e+14,D,C,0.99649981,-0.01822270,0.99633437,-0.01815792
1548.7000,1.935768e+14,D,C,0.99648464,-0.01902996,0.99630422,-0.01896192
1548.7500,1.935706e+14,D,C,0.99646875,-0.01984073,0.99627262,-0.01976937
1548.8000,1.935643e+14,D,C,0.99645211,-0.02065519,0.99623956,-0.02058044
1548.8500,1.935581e+14,D,C,0.99643472,-0.02147350,0.99620500,-0.02139529
1548.9000,1.935518e+14,D,C,0.99641657,-0.02229583,0.99616892,-0.02221410
1548.9500,1.935456e+14,D,C,0.99639763,-0.02312238,0.99613128,-0.02303703
1549.0000,1.935394e+14,D,C,0.99637790,-0.02395330,0.99609207,-0.02386426
1549.0500,1.935331e+14,D,C,0.99635736,-0.02478880,0.99605125,-0.02469598
1549.1000,1.935269e+14,D,C,0.99633599,-0.02562906,0.99600879,-0.02553236
1549.1500,1.935206e+14,D,C,0.99631378,-0.02647426,0.99596465,-0.02637359
1549.2000,1.935144e+14,D,C,0.99629071,-0.02732460,0.99591880,-0.02721986
1549.2500,1.935081e+14,D,C,0.99626675,-0.02818029,0.99587119,-0.02807137
1549.3000,1.935019e+14,D,C,0.99624189,-0.02904152,0.99582180,-0.02892831
1549.3500,1.934956e+14,D,C,0.99621611,-0.02990850,0.99577058,-0.02979089
1549.4000,1.934894e+14,D,C,0.99618939,-0.03078145,0.99571749,-0.03065932
1549.4500,1.934831e+14,D,C,0.99616171,-0.03166059,0.99566248,-0.03153380
1549.5000,1.934769e+14,D,C,0.99613303,-0.03254613,0.99560550,-0.03241456
1549.5500,1.934707e+14,D,C,0.99610334,-0.03343831,0.99554651,-0.03330181
1549.6000,1.934644e+14,D,C,0.99607261,-0.03433737,0.99548545,-0.03419579
1549.6500,1.934582e+14,D,C,0.99604081,-0.03524353,0.99542227,-0.03509673
1549.7000,1.934519e+14,D,C,0.99600791,-0.03615705,0.99535692,-0.03600487
1549.7500,1.934457e+14,D,C,0.99597389,-0.03707819,0.99528934,-0.03692045
1549.8000,1.934394e+14,D,C,0.99593871,-0.03800720,0.99521945,-0.03784373
1549.8500,1.934332e+14,D,C,0.99590234,-0.03894435,0.99514721,-0.03877497
1549.9000,1.934270e+14,D,C,0.99586474,-0.03988992,0.99507254,-0.03971443
1549.9500,1.934207e+14,D,C,0.99582589,-0.04084418,0.99499536,-0.04066238
1550.0000,1.934145e+14,D,C,0.99578574,-0.04180744,0.99491562,-0.04161912
1550.0500,1.934083e+14,D,C,0.99574425,-0.04277998,0.99483322,-0.04258493
1550.1000,1.934020e+14,D,C,0.99570139,-0.04376213,0.99474810,-0.04356011
1550.1500,1.933958e+14,D,C,0.99565711,-0.04475420,0.99466015,-0.04454496
1550.2000,1.933895e+14,D,C,0.99561136,-0.04575651,0.99456930,-0.04553981
1550.2500,1.933833e+14,D,C,0.99556410,-0.04676941,0.99447546,-0.04654497
1550.3000,1.933771e+14,D,C,0.99551528,-0.04779325,0.99437852,-0.04756080
1550.3500,1.933708e+14,D,C,0.99546484,-0.04882838,0.99427838,-0.04858762
1550.4000,1.933646e+14,D,C,0.99541274,-0.04987519,0.99417494,-0.04962582
1550.4500,1.933584e+14,D,C,0.99535892,-0.05093405,0.99406808,-0.05067574
1550.5000,1.933521e+14,D,C,0.99530331,-0.05200537,0.99395768,-0.05173779
1550.5500,1.933459e+14,D,C,0.99524586,-0.05308956,0.99384364,-0.05281235
1550.6000,1.933396e+14,D,C,0.99518649,-0.05418704,0.99372580,-0.05389983
1550.6500,1.933334e+14,D,C,0.99512515,-0.05529827,0.99360404,-0.05500065
1550.7000,1.933272e+14,D,C,0.99506176,-0.05642369,0.99347822,-0.05611527
1550.7500,1.933209e+14,D,C,0.99499623,-0.05756378,0.99334818,-0.05724412
1550.8000,1.933147e+14,D,C,0.99492850,-0.05871904,0.99321378,-0.05838768
1550.8500,1.933085e+14,D,C,0.99485848,-0.05988998,0.99307483,-0.05954644
1550.9000,1.933022e+14,D,C,0.99478609,-0.06107712,0.99293118,-0.06072090
1550.9500,1.932960e+14,D,C,0.99471122,-0.06228102,0.99278263,-0.06191159
1551.0000,1.932898e+14,D,C,0.99463378,-0.06350225,0.99262900,-0.06311905
1551.0500,1.932836e+14,D,C,0.99455367,-0.06474141,0.99247008,-0.06434384
1551.1000,1.932773e+14,D,C,0.99447077,-0.06599912,0.99230566,-0.06558656
1551.1500,1.932711e+14,D,C,0.99438499,-0.06727601,0.99213551,-0.06684781
1551.2000,1.932649e+14,D,C,0.99429619,-0.06857277,0.99195940,-0.06812822
1551.2500,1.932586e+14,D,C,0.99420425,-0.06989008,0.99177708,-0.06942846
1551.3000,1.932524e+14,D,C,0.99410904,-0.07122868,0.99158828,-0.07074922
1551.3500,1.932462e+14,D,C,0.99401040,-0.07258933,0.99139273,-0.07209120
1551.4000,1.932399e+14,D,C,0.99390821,-0.07397282,0.99119013,-0.07345516
1551.4500,1.932337e+14,D,C,0.99380229,-0.07537997,0.99098016,-0.07484186
1551.5000,1.932275e+14,D,C,0.99369248,-0.07681164,0.99076251,-0.07625212
1551.5500,1.932213e+14,D,C,0.99357860,-0.07826875,0.99053682,-0.07768678
1551.6000,1.932150e+14,D,C,0.99346046,-0.07975223,0.99030272,-0.07914672
1551.6500,1.932088e+14,D,C,0.99333787,-0.08126307,0.99005983,-0.08063287
1551.7000,1.932026e+14,D,C,0.99321062,-0.08280230,0.98980773,-0.08214618
1551.7500,1.931964e+14,D,C,0.99307848,-0.08437100,0.98954598,-0.08368766
1551.8000,1.931901e+14,D,C,0.99294121,-0.08597032,0.98927411,-0.08525836
1551.8500,1.931839e+14,D,C,0.99279857,-0.08760142,0.98899163,-0.08685937
1551.9000,1.931777e+14,D,C,0.99265028,-0.08926557,0.98869802,-0.08849186
1551.9500,1.931715e+14,D,C,0.99249606,-0.09096407,0.98839271,-0.09015703
1552.0000,1.931652e+14,D,C,0.99233561,-0.09269830,0.98807510,-0.09185614
1552.0500,1.931590e+14,D,C,0.99216859,-0.09446970,0.98774457,-0.09359052
1552.1000,1.931528e+14,D,C,0.99199467,-0.09627980,0.98740043,-0.09536156
1552.1500,1.931466e+14,D,C,0.99181348,-0.09813019,0.98704196,-0.09717072
1552.2000,1.931404e+14,D,C,0.99162462,-0.10002257,0.98666839,-0.09901954
1552.2500,1.931341e+14,D,C,0.99142767,-0.10195870,0.98627890,-0.10090963
1552.3000,1.931279e+14,D,C,0.99122219,-0.10394047,0.98587261,-0.10284269
1552.3500,1.931217e+14,D,C,0.99100768,-0.10596986,0.98544856,-0.10482051
1552.4000,1.931155e+14,D,C,0.99078363,-0.10804896,0.98500576,-0.10684496
1552.4500,1.931093e+14,D,C,0.99054948,-0.11017999,0.98454311,-0.10891804
1552.5000,1.931030e+14,D,C,0.99030464,-0.11236527,0.98405945,-0.11104184
1552.5500,1.930968e+14,D,C,0.99004847,-0.11460730,0.98355352,-0.11321855
1552.6000,1.930906e+14,D,C,0.98978027,-0.11690871,0.98302399,-0.11545052
1552.6500,1.930844e+14,D,C,0.98949930,-0.11927227,0.98246940,-0.11774020
1552.7000,1.930782e+14,D,C,0.98920476,-0.12170096,0.98188818,-0.12009021
1552.7500,1.930719e+14,D,C,0.98889578,-0.12419791,0.98127866,-0.12250328
1552.8000,1.930657e+14,D,C,0.98857143,-0.12676648,0.98063902,-0.12498236
1552.8500,1.930595e+14,D,C,0.98823068,-0.12941024,0.97996727,-0.12753051
1552.9000,1.930533e+14,D,C,0.98787244,-0.13213298,0.97926129,-0.13015103
1552.9500,1.930471e+14,D,C,0.98749552,-0.13493875,0.97851876,-0.13284740
1553.0000,1.930409e+14,D,C,0.98709861,-0.13783189,0.97773718,-0.13562330
1553.0500,1.930346e+14,D,C,0.98668032,-0.14081703,0.97691381,-0.13848266
1553.1000,1.930284e+14,D,C,0.98623909,-0.14389912,0.97604569,-0.14142966
1553.1500,1.930222e+14,D,C,0.98577326,-0.14708348,0.97512958,-0.14446875
1553.2000,1.930160e+14,D,C,0.98528099,-0.15037580,0.97416194,-0.14760465
1553.2500,1.930098e+14,D,C,0.98476028,-0.15378221,0.97313892,-0.15084242
1553.3000,1.930036e+14,D,C,0.98420892,-0.15730928,0.97205629,-0.15418743
1553.3500,1.929974e+14,D,C,0.98362451,-0.16096412,0.97090941,-0.15764544
1553.4000,1.929912e+14,D,C,0.98300439,-0.16475437,0.96969320,-0.16122258
1553.4500,1.929849e+14,D,C,0.98234563,-0.16868829,0.96840206,-0.16492542
1553.5000,1.929787e+14,D,C,0.98164501,-0.17277480,0.96702982,-0.16876097
1553.5500,1.929725e+14,D,C,0.98089897,-0.17702359,0.96556967,-0.17273676
1553.6000,1.929663e+14,D,C,0.98010354,-0.18144514,0.96401410,-0.17686084
1553.6500,1.929601e+14,D,C,0.97925433,-0.18605086,0.96235476,-0.18114184
1553.7000,1.929539e+14,D,C,0.97834647,-0.19085314,0.96058240,-0.18558902
1553.7500,1.929477e+14,D,C,0.97737452,-0.19586552,0.95868672,-0.19021231
1553.8000,1.929415e+14,D,C,0.97633237,-0.20110276,0.95665625,-0.19502238
1553.8500,1.929353e+14,D,C,0.97521323,-0.20658101,0.95447817,-0.20003068
1553.9000,1.929291e+14,D,C,0.97400945,-0.21231798,0.95213815,-0.20524950
1553.9500,1.929228e+14,D,C,0.97271241,-0.21833311,0.94962008,-0.21069204
1554.0000,1.929166e+14,D,C,0.97131240,-0.22464780,0.94690586,-0.21637249
1554.0500,1.929104e+14,D,C,0.96979841,-0.23128566,0.94397510,-0.22230605
1554.1000,1.929042e+14,D,C,0.96815798,-0.23827274,0.94080471,-0.22850902
1554.1500,1.928980e+14,D,C,0.96637690,-0.24563795,0.93736857,-0.23499887
1554.2000,1.928918e+14,D,C,0.96443895,-0.25341336,0.93363699,-0.24179425
1554.2500,1.928856e+14,D,C,0.96232557,-0.26163465,0.92957614,-0.24891505
1554.3000,1.928794e+14,D,C,0.96001540,-0.27034167,0.92514736,-0.25638239
1554.3500,1.928732e+14,D,C,0.95748385,-0.27957896,0.92030639,-0.26421861
1554.4000,1.928670e+14,D,C,0.95470242,-0.28939651,0.91500233,-0.27244714
1554.4500,1.928608e+14,D,C,0.95163804,-0.29985055,0.90917656,-0.28109240
1554.5000,1.928546e+14,D,C,0.94825213,-0.31100450,0.90276131,-0.29017947
1554.5500,1.928484e+14,D,C,0.94449953,-0.32293010,0.89567801,-0.29973368
1554.6000,1.928422e+14,D,C,0.94032716,-0.33570878,0.88783532,-0.30977994
1554.6500,1.928360e+14,D,C,0.93567234,-0.34943321,0.87912677,-0.32034176
1554.7000,1.928298e+14,D,C,0.93046076,-0.36420919,0.86942788,-0.33143986
1554.7500,1.928236e+14,D,C,0.92460394,-0.38015788,0.85859283,-0.34309008
1554.8000,1.928174e+14,D,C,0.91799602,-0.39741841,0.84645039,-0.35530049
1554.8500,1.928112e+14,D,C,0.91050982,-0.41615106,0.83279928,-0.36806724
1554.9000,1.928050e+14,D,C,0.90199188,-0.43654090,0.81740273,-0.38136875
1554.9500,1.927988e+14,D,C,0.89225620,-0.45880216,0.79998231,-0.39515748
1555.0000,1.927926e+14,D,C,0.88107659,-0.48318321,0.78021137,-0.40934847
1555.0500,1.927864e+14,D,C,0.86817696,-0.50997235,0.75770839,-0.42380329
1555.1000,1.927802e+14,D,C,0.85321960,-0.53950414,0.73203129,-0.43830797
1555.1500,1.927740e+14,D,C,0.83579086,-0.57216616,0.70267451,-0.45254271
1555.2000,1.927678e+14,D,C,0.81538445,-0.60840565,0.66907213,-0.46604107
1555.2500,1.927616e+14,D,C,0.79138272,-0.64873470,0.63061245,-0.47813653
1555.3000,1.927554e+14,D,C,0.76303765,-0.69373234,0.58667284,-0.48789489
1555.3500,1.927492e+14,D,C,0.72945514,-0.74403968,0.53668832,-0.49403486
1555.4000,1.927430e+14,D,C,0.68958968,-0.80034264,0.48027223,-0.49484595
1555.4500,1.927368e+14,D,C,0.64226179,-0.86333316,0.41741097,-0.48812733
1555.5000,1.927306e+14,D,C,0.58621744,-0.93363542,0.34875002,-0.47119456
1555.5500,1.927244e+14,D,C,0.52025486,-1.01167690,0.27596395,-0.44103177
1555.6000,1.927182e+14,D,C,0.44344361,-1.09746982,0.20214358,-0.39469001
1555.6500,1.927120e+14,D,C,0.35544146,-1.19021514,0.13203233,-0.33000923
1555.7000,1.927058e+14,D,C,0.25686577,-1.28734102,0.07183887,-0.24661549
1555.7500,1.926996e+14,D,C,0.14960607,-1.38007705,0.02836010,-0.14689343
1555.8000,1.926934e+14,D,C,0.03712836,-1.36975633,0.00741411,-0.03638057
1555.8500,1.926873e+14,D,C,0.07787475,1.41495231,0.01208725,0.07693098
1555.9000,1.926811e+14,D,C,0.18901625,1.34851986,0.04166875,0.18436609
1555.9500,1.926749e+14,D,C,0.29342946,1.25222654,0.09190464,0.27866537
1556.0000,1.926687e+14,D,C,0.38831376,1.15621788,0.15641438,0.35541823
1556.0500,1.926625e+14,D,C,0.47226860,1.06584544,0.22846677,0.41332865
1556.1000,1.926563e+14,D,C,0.54506768,0.98284636,0.30232528,0.45353964
1556.1500,1.926501e+14,D,C,0.60730849,0.90766018,0.37385386,0.47859888
1556.2000,1.926439e+14,D,C,0.66005144,0.84009058,0.44051528,0.49154266
1556.2500,1.926377e+14,D,C,0.70453688,0.77961909,0.50105351,0.49529547
1556.3000,1.926315e+14,D,C,0.74200187,0.72558548,0.55509979,0.49237282
1556.3500,1.926253e+14,D,C,0.77358102,0.67729377,0.60282966,0.48479273
1556.4000,1.926192e+14,D,C,0.80026504,0.63407132,0.64471129,0.47410070
1556.4500,1.926130e+14,D,C,0.82289339,0.59529852,0.68134021,0.46144236
1556.5000,1.926068e+14,D,C,0.84216450,0.56042068,0.71333992,0.44764628
1556.5500,1.926006e+14,D,C,0.85865323,0.52894984,0.74130752,0.43329958
1556.6000,1.925944e+14,D,C,0.87283010,0.50046126,0.76578737,0.41881031
1556.6500,1.925882e+14,D,C,0.88507935,0.47458750,0.78726153,0.40445610
1556.7000,1.925820e+14,D,C,0.89571478,0.45101164,0.80614922,0.39042079
1556.7500,1.925759e+14,D,C,0.90499312,0.42946068,0.82281110,0.37682150
1556.8000,1.925697e+14,D,C,0.91312499,0.40969932,0.83755535,0.36372832
1556.8500,1.925635e+14,D,C,0.92028377,0.39152452,0.85064441,0.35117846
1556.9000,1.925573e+14,D,C,0.92661277,0.37476072,0.86230143,0.33918648
1556.9500,1.925511e+14,D,C,0.93223092,0.35925577,0.87271612,0.32775152
1557.0000,1.925449e+14,D,C,0.93723739,0.34487741,0.88204995,0.31686244
1557.0500,1.925387e+14,D,C,0.94171521,0.33151038,0.89044055,0.30650150
1557.1000,1.925326e+14,D,C,0.94573423,0.31905391,0.89800548,0.29664690
1557.1500,1.925264e+14,D,C,0.94935344,0.30741963,0.90484543,0.28727459
1557.2000,1.925202e+14,D,C,0.95262290,0.29652981,0.91104686,0.27835950
1557.2500,1.925140e+14,D,C,0.95558526,0.28631590,0.91668419,0.26987641
1557.3000,1.925078e+14,D,C,0.95827700,0.27671721,0.92182173,0.26180053
1557.3500,1.925017e+14,D,C,0.96072947,0.26767990,0.92651515,0.25410783
1557.4000,1.924955e+14,D,C,0.96296967,0.25915606,0.93081284,0.24677531
1557.4500,1.924893e+14,D,C,0.96502099,0.25110293,0.93475693,0.23978113
1557.5000,1.924831e+14,D,C,0.96690371,0.24348225,0.93838425,0.23310465
1557.5500,1.924769e+14,D,C,0.96863552,0.23625971,0.94172707,0.22672647
1557.6000,1.924708e+14,D,C,0.97023189,0.22940444,0.94481375,0.22062841
1557.6500,1.924646e+14,D,C,0.97170637,0.22288861,0.94766926,0.21479346
1557.7000,1.924584e+14,D,C,0.97307088,0.21668711,0.95031568,0.20920575
1557.7500,1.924522e+14,D,C,0.97433595,0.21077715,0.95277255,0.20385049
1557.8000,1.924461e+14,D,C,0.97551088,0.20513809,0.95505722,0.19871386
1557.8500,1.924399e+14,D,C,0.97660393,0.19975113,0.95718513,0.19378304
1557.9000,1.924337e+14,D,C,0.97762243,0.19459916,0.95917006,0.18904605
1557.9500,1.924275e+14,D,C,0.97857293,0.18966654,0.96102433,0.18449175
1558.0000,1.924213e+14,D,C,0.97946127,0.18493899,0.96275898,0.18010977
1558.0500,1.924152e+14,D,C,0.98029269,0.18040340,0.96438391,0.17589042
1558.1000,1.924090e+14,D,C,0.98107191,0.17604774,0.96590805,0.17182471
1558.1500,1.924028e+14,D,C,0.98180313,0.17186095,0.96733942,0.16790422
1558.2000,1.923966e+14,D,C,0.98249019,0.16783286,0.96868531,0.16412111
1558.2500,1.923905e+14,D,C,0.98313651,0.16395407,0.96995227,0.16046805
1558.3000,1.923843e+14,D,C,0.98374523,0.16021590,0.97114627,0.15693820
1558.3500,1.923781e+14,D,C,0.98431917,0.15661033,0.97227272,0.15352516
1558.4000,1.923720e+14,D,C,0.98486088,0.15312990,0.97333654,0.15022295
1558.4500,1.923658e+14,D,C,0.98537272,0.14976774,0.97434222,0.14702596
1558.5000,1.923596e+14,D,C,0.98585681,0.14651742,0.97529386,0.14392894
1558.5500,1.923534e+14,D,C,0.98631508,0.14337297,0.97619519,0.14092696
1558.6000,1.923473e+14,D,C,0.98674933,0.14032886,0.97704964,0.13801540
1558.6500,1.923411e+14,D,C,0.98716117,0.13737990,0.97786035,0.13518992
1558.7000,1.923349e+14,D,C,0.98755210,0.13452125,0.97863021,0.13244644
1558.7500,1.923288e+14,D,C,0.98792349,0.13174840,0.97936187,0.12978113
1558.8000,1.923226e+14,D,C,0.98827660,0.12905713,0.98005777,0.12719038
1558.8500,1.923164e+14,D,C,0.98861258,0.12644347,0.98072016,0.12467078
1558.9000,1.923103e+14,D,C,0.98893251,0.12390371,0.98135111,0.12221913
1558.9500,1.923041e+14,D,C,0.98923738,0.12143437,0.98195254,0.11983240
1559.0000,1.922979e+14,D,C,0.98952810,0.11903218,0.98252623,0.11750774
1559.0500,1.922918e+14,D,C,0.98980551,0.11669406,0.98307381,0.11524245
1559.1000,1.922856e+14,D,C,0.99007040,0.11441711,0.98359682,0.11303399
1559.1500,1.922794e+14,D,C,0.99032348,0.11219860,0.98409666,0.11087994
1559.2000,1.922733e+14,D,C,0.99056545,0.11003597,0.98457465,0.10877801
1559.2500,1.922671e+14,D,C,0.99079691,0.10792679,0.98503201,0.10672605
1559.3000,1.922609e+14,D,C,0.99101846,0.10586876,0.98546988,0.10472201
1559.3500,1.922548e+14,D,C,0.99123064,0.10385971,0.98588932,0.10276395
1559.4000,1.922486e+14,D,C,0.99143395,0.10189760,0.98629131,0.10085001
1559.4500,1.922424e+14,D,C,0.99162886,0.09998048,0.98667678,0.09897844
1559.5000,1.922363e+14,D,C,0.99181582,0.09810652,0.98704659,0.09714759
1559.5500,1.922301e+14,D,C,0.99199524,0.09627397,0.98740154,0.09535586
1559.6000,1.922239e+14,D,C,0.99216750,0.09448118,0.98774240,0.09360176
1559.6500,1.922178e+14,D,C,0.99233296,0.09272658,0.98806987,0.09188384
1559.7000,1.922116e+14,D,C,0.99249197,0.09100867,0.98838461,0.09020074
1559.7500,1.922055e+14,D,C,0.99264484,0.08932604,0.98868725,0.08855116
1559.8000,1.921993e+14,D,C,0.99279187,0.08767733,0.98897836,0.08693386
